048 049 048 049 048 049 048 049 048 049 048 049 048 049 048 049 048 049 048 049 048 049 048 049 048 049 048 049 048 049 048 049 048 049 048 049 048 049 048 049 048 049 048 049 048 049 048 049 048 049 048 049 048 049 048 049 048 049 048 049 048 049 048 049 048 049 048 049 048 049 048 049 048 049 048 049 048 049 048 049 048 049 048 049 048 049 048 049 048 049 048 049 048 049 048 049 048 049 048 049
050 051 050 051 050 051 050 051 050 051 050 051 050 051 050 051 050 051 050 051 050 051 050 051 050 051 050 051 050 051 050 051 050 051 050 051 050 051 050 051 050 051 050 051 050 051 050 051 050 051 050 051 050 051 050 051 050 051 050 051 050 051 050 051 050 051 050 051 050 051 050 051 050 051 050 051 050 051 050 051 050 051 050 051 050 051 050 051 050 051 050 051 050 051 050 051 050 051 050 051 
048 049 048 049 048 049 048 049 048 049 048 049 048 049 048 049 048 049 048 049 048 049 048 049 048 049 048 049 048 049 048 049 048 049 048 049 048 049 048 049 048 049 048 049 048 049 048 049 048 049 048 049 048 049 048 049 048 049 048 049 048 049 048 049 048 049 048 049 048 049 048 049 048 049 048 049 048 049 048 049 048 049 048 049 048 049 048 049 048 049 048 049 048 049 048 049 048 049 048 049
050 051 050 051 050 051 050 051 050 051 050 051 050 051 050 051 050 051 050 051 050 051 050 051 050 051 050 051 050 051 050 051 050 051 050 051 050 051 050 051 050 051 050 051 050 051 050 051 050 051 050 051 050 051 050 051 050 051 050 051 050 051 050 051 050 051 050 051 050 051 050 051 050 051 050 051 050 051 050 051 050 051 050 051 050 051 050 051 050 051 050 051 050 051 050 051 050 051 050 051 
048 049 048 049 048 049 048 049 048 049 048 049 048 049 048 049 048 049 048 049 048 049 048 049 048 049 048 049 048 049 048 049 048 049 048 049 048 049 048 049 048 049 048 049 048 049 048 049 048 049 048 049 048 049 048 049 048 049 048 049 048 049 048 049 048 049 048 049 048 049 048 049 048 049 048 049 048 049 048 049 048 049 048 049 048 049 048 049 048 049 048 049 048 049 048 049 048 049 048 049
050 051 050 051 050 051 050 051 050 051 050 051 050 051 050 051 050 051 050 051 050 051 050 051 050 051 050 051 050 051 050 051 050 051 050 051 050 051 050 051 050 051 050 051 050 051 050 051 050 051 050 051 050 051 050 051 050 051 050 051 050 051 050 051 050 051 050 051 050 051 050 051 050 051 050 051 050 051 050 051 050 051 050 051 050 051 050 051 050 051 050 051 050 051 050 051 050 051 050 051 
048 049 048 049 048 049 048 049 048 049 048 049 048 049 048 049 048 049 048 049 048 049 048 049 048 049 048 049 048 049 048 049 048 049 048 049 048 049 048 049 048 049 048 049 048 049 048 049 048 049 048 049 048 049 048 049 048 049 048 049 048 049 048 049 048 049 048 049 048 049 048 049 048 049 048 049 048 049 048 049 048 049 048 049 048 049 048 049 048 049 048 049 048 049 048 049 048 049 048 049
050 051 050 051 050 051 050 051 050 051 050 051 050 051 050 051 050 051 050 051 050 051 050 051 050 051 050 051 050 051 050 051 050 051 050 051 050 051 050 051 050 051 050 051 050 051 050 051 050 051 050 051 050 051 050 051 050 051 050 051 050 051 050 051 050 051 050 051 050 051 050 051 050 051 050 051 050 051 050 051 050 051 050 051 050 051 050 051 050 051 050 051 050 051 050 051 050 051 050 051  
001 048 049 001 001 048 049 001 005 005 005 048 049 001 001 001 001 001 001 001 001 001 001 001 001 001 001 048 049 048 049 048 049 001 001 001 001 048 049 048 049 002 003 003 003 003 003 003 001 048 049 001 001 001 001 001 001 001 001 001 001 001 003 001 001 001 001 001 001 001 001 001 001 001 001 001 001 001 001 001 001 001 001 048 049 005 005 048 049 048 049 005 001 001 001 001 001 001 001 001
001 050 051 001 001 050 051 048 049 005 005 050 051 001 001 001 001 001 001 001 001 001 001 001 001 001 001 050 051 050 051 050 051 001 001 001 001 050 051 050 051 003 003 003 003 003 003 003 001 050 051 001 001 001 001 001 001 001 001 001 001 001 001 001 001 001 001 002 001 001 001 001 001 001 001 001 001 001 001 001 001 001 001 050 051 048 049 050 051 050 051 005 001 001 001 001 001 001 001 001
001 001 001 001 001 001 001 050 051 001 048 049 001 001 001 001 001 001 001 001 001 001 001 001 001 001 001 001 001 001 003 001 001 001 001 001 048 049 003 003 003 002 001 003 003 003 001 001 001 048 049 001 001 001 001 001 001 001 001 001 001 001 001 001 001 001 001 001 001 001 001 001 001 001 001 001 001 001 001 001 001 001 001 001 001 050 051 005 048 049 005 005 005 001 001 001 001 001 001 001
001 001 001 001 001 001 001 001 048 049 050 051 001 001 001 001 001 001 001 001 001 003 001 001 001 001 001 001 001 001 001 001 001 001 001 001 050 051 003 003 003 002 003 001 001 001 001 001 001 050 051 001 001 002 003 001 001 001 001 001 001 001 001 001 001 001 003 001 001 001 001 002 001 001 001 002 001 001 001 001 002 001 001 001 001 001 048 049 050 051 005 005 005 001 001 001 001 001 001 001
003 001 001 001 001 001 001 001 050 051 005 001 001 001 001 001 001 001 001 001 001 001 001 001 001 001 001 001 001 001 001 003 001 001 001 001 001 048 049 001 001 001 001 002 001 001 001 001 048 049 001 001 001 002 003 001 003 001 001 001 001 001 001 001 001 001 001 001 001 001 001 001 001 001 001 001 001 001 001 001 001 001 001 001 001 001 050 051 048 049 005 005 005 005 001 001 001 001 001 001
001 001 001 048 049 002 001 001 001 048 049 001 001 001 001 001 005 002 001 001 001 001 001 001 001 001 001 001 001 001 001 001 001 001 001 001 001 050 051 001 001 001 001 001 001 001 001 001 050 051 001 003 001 001 003 001 001 001 002 001 001 001 001 001 001 001 001 001 001 001 001 001 001 001 001 001 001 001 001 001 001 001 001 001 001 001 048 049 050 051 005 005 005 005 001 001 001 001 001 001
001 002 001 050 051 001 001 001 001 050 051 001 001 001 001 001 001 001 001 001 001 001 001 001 001 001 001 001 001 001 001 001 001 001 001 001 001 001 001 001 001 001 001 001 001 001 001 001 001 001 001 001 001 001 001 001 001 001 001 001 001 001 003 001 001 001 002 001 001 001 001 001 001 048 049 001 001 001 001 001 001 001 001 001 001 001 050 051 005 048 049 005 005 005 001 001 001 001 001 001
001 001 001 001 001 001 001 001 001 001 048 049 001 001 001 001 001 001 001 001 001 001 001 001 001 001 001 001 001 001 001 001 001 001 001 001 001 001 001 001 001 001 001 001 001 001 001 001 001 001 001 001 001 002 001 001 001 001 001 001 001 001 001 001 001 001 001 001 001 048 049 001 001 050 051 001 001 002 001 001 001 001 002 001 001 001 001 048 049 050 051 005 005 005 001 001 001 001 001 001
002 001 001 001 001 001 001 001 001 001 050 051 001 001 001 001 003 001 001 003 001 002 001 001 001 001 001 001 001 001 001 001 001 001 001 001 001 001 001 001 001 001 001 001 001 001 001 001 001 001 001 001 001 001 001 001 001 001 001 001 001 001 001 001 001 001 001 002 001 050 051 001 001 001 001 003 001 001 001 001 001 001 001 001 001 001 001 050 051 005 005 005 005 001 001 001 001 001 001 001
001 001 001 001 001 005 001 002 001 001 048 049 001 001 001 001 001 001 001 001 001 001 001 001 001 001 001 001 002 003 001 001 001 001 001 001 001 001 001 001 001 001 001 001 001 001 001 001 001 001 001 001 001 003 001 001 001 001 001 001 001 001 001 001 001 001 001 001 001 001 001 001 001 001 001 001 001 001 001 001 001 001 001 001 002 001 001 001 048 049 005 005 001 001 001 001 001 001 001 001
001 001 001 001 001 001 001 001 005 001 050 051 001 001 001 001 001 001 001 001 001 001 001 001 001 001 001 001 001 002 002 001 001 001 001 001 001 001 001 001 001 001 001 001 001 001 001 001 001 001 001 001 001 001 001 001 001 001 001 001 001 001 001 001 001 001 001 001 001 001 001 001 001 001 001 001 001 001 001 001 001 001 001 001 001 001 001 001 050 051 005 005 001 001 001 001 005 001 001 001
001 001 005 001 001 001 001 001 001 048 049 001 001 001 001 001 001 001 001 001 001 001 001 001 001 001 001 001 001 001 001 001 001 001 001 001 001 001 001 001 001 001 001 001 001 001 001 001 001 001 001 001 001 001 001 001 001 001 001 001 001 001 001 001 001 001 001 001 001 001 001 001 001 001 001 001 001 001 001 001 002 001 001 001 001 001 001 002 048 049 005 005 001 001 001 001 005 001 001 001
001 001 001 001 001 001 001 001 001 050 051 001 001 001 001 001 005 005 001 001 001 001 001 001 001 001 001 002 001 001 001 001 001 001 001 001 001 001 001 001 002 001 001 001 001 001 001 001 001 001 001 001 001 001 001 001 001 001 001 001 001 001 001 001 001 001 001 001 001 001 001 001 001 001 001 001 001 001 001 001 001 001 001 001 001 001 001 001 050 051 005 005 005 001 001 001 001 001 001 001
001 001 001 001 001 005 001 001 001 048 049 001 001 001 001 001 001 005 001 001 001 001 001 001 001 001 001 001 001 001 001 003 001 001 001 001 001 001 001 002 001 001 001 001 001 001 001 001 001 001 001 001 001 001 001 001 002 001 001 001 001 001 001 001 001 001 002 001 001 001 001 003 001 001 001 001 001 003 001 001 001 001 001 001 001 001 001 001 001 048 049 005 005 001 001 001 001 001 001 001
001 001 001 001 001 005 001 001 001 050 051 001 001 005 001 001 001 002 001 001 001 001 001 001 001 001 003 001 001 001 001 001 001 001 001 001 001 001 001 001 001 001 001 001 001 001 001 001 001 001 001 001 001 001 001 001 001 001 001 001 001 001 001 001 001 001 003 002 001 001 001 001 001 001 001 002 001 001 001 001 001 001 001 001 001 001 001 001 001 050 051 005 005 001 001 001 001 001 001 001
001 002 001 001 001 001 001 001 001 048 049 001 001 005 001 001 003 001 001 001 001 001 001 001 001 001 001 001 001 001 001 001 001 001 001 001 001 001 001 001 001 001 001 001 001 001 001 001 001 001 001 001 001 001 001 001 001 001 001 001 001 001 001 001 001 001 001 001 001 001 001 001 001 001 001 001 001 001 001 001 001 001 001 001 001 001 001 001 001 048 049 005 005 001 001 001 001 001 001 001
001 001 002 001 001 005 001 001 001 050 051 001 001 001 001 001 001 001 001 001 001 001 001 001 001 001 001 001 001 001 001 001 001 001 001 001 001 001 001 001 001 001 001 001 001 001 001 001 001 001 001 001 001 001 001 001 001 001 001 001 001 001 001 001 001 001 001 001 001 001 001 001 001 001 001 001 001 001 001 001 001 001 001 001 001 001 001 001 001 050 051 005 005 001 001 001 001 001 001 001
001 001 001 001 001 001 001 001 001 001 048 049 001 005 001 001 005 001 005 001 001 001 001 001 001 001 001 001 001 001 001 001 001 001 001 001 001 001 001 001 001 001 001 001 001 001 001 001 001 001 001 001 001 001 001 001 001 001 001 001 001 001 001 001 001 001 001 001 001 001 001 001 001 001 001 001 001 001 001 001 001 001 001 001 001 001 001 001 001 048 049 005 001 001 001 001 001 001 001 001
001 001 001 001 001 001 001 001 001 001 050 051 001 001 001 001 001 001 001 002 001 001 001 001 001 001 001 001 001 002 001 001 001 001 001 001 001 001 001 001 001 001 001 001 001 001 001 001 001 001 001 001 001 001 003 001 001 001 001 001 001 001 003 001 001 001 001 002 001 001 001 001 001 001 001 001 001 001 001 001 001 001 001 001 001 001 001 001 001 050 051 005 001 001 001 001 001 001 001 001
003 001 001 001 001 002 001 001 001 001 001 048 049 001 001 001 001 001 001 001 001 001 001 001 001 001 001 001 001 001 001 001 001 001 001 001 001 001 001 001 001 001 001 001 001 001 001 001 001 001 001 001 001 001 001 001 001 001 001 001 001 001 001 001 001 001 001 048 049 001 001 001 001 001 001 001 001 001 001 001 001 001 003 001 001 001 001 003 001 001 048 049 001 001 001 001 001 001 001 001
001 001 001 001 001 001 001 001 001 001 001 050 051 001 003 001 001 005 001 001 003 001 001 001 001 001 001 001 001 001 001 001 001 001 001 001 001 001 001 001 001 001 001 001 001 001 001 001 001 001 001 001 001 002 001 001 001 001 001 001 001 001 001 001 001 001 001 050 051 001 001 001 001 001 001 001 001 001 001 001 001 001 001 001 001 001 001 001 001 001 050 051 001 001 001 001 001 001 001 001
001 001 001 001 001 001 001 003 001 001 048 049 048 049 001 001 001 001 001 001 001 001 001 001 001 001 001 001 001 001 001 001 001 001 001 001 001 001 001 001 001 001 001 003 001 001 001 001 001 001 001 001 001 001 001 001 001 001 001 001 001 001 001 001 001 001 001 001 001 001 001 002 001 001 001 001 001 001 001 001 001 001 001 001 001 001 001 001 001 001 048 049 001 001 001 001 001 001 001 001
001 001 005 001 001 001 001 001 001 001 050 051 050 051 001 001 001 001 001 001 002 001 001 001 001 001 001 001 003 003 001 001 001 003 001 001 001 001 001 001 001 001 001 001 001 001 001 002 001 001 001 003 001 001 001 001 001 001 001 001 001 001 001 001 001 001 001 001 001 001 001 001 001 001 001 001 001 001 002 001 001 001 002 001 001 001 001 001 001 001 050 051 001 001 001 001 001 001 001 001
001 001 001 001 001 001 001 001 001 001 001 048 049 001 001 001 001 001 001 001 001 001 001 001 001 001 001 001 001 001 001 001 001 001 001 001 003 001 001 001 001 001 001 001 001 001 001 001 001 001 001 001 001 001 001 001 001 001 003 001 001 001 002 001 001 001 001 001 001 001 001 001 001 001 001 001 001 001 001 001 001 001 001 001 001 001 001 003 002 048 049 005 005 001 001 001 001 001 001 001
001 001 001 001 001 001 001 001 001 005 001 050 051 001 001 001 001 001 001 001 002 001 001 001 001 001 002 001 001 001 001 001 001 001 001 001 001 001 001 001 001 001 001 001 001 001 001 001 001 001 001 001 001 001 001 001 001 001 001 001 001 001 001 001 001 001 003 001 001 001 001 003 001 001 001 001 001 001 001 001 001 001 001 002 001 001 001 001 001 050 051 005 005 005 001 001 001 001 001 001
001 001 001 001 001 001 001 001 001 001 001 048 049 001 001 001 001 001 001 001 001 001 001 001 001 001 001 001 001 001 001 001 001 001 001 001 001 001 001 001 001 001 001 001 001 001 001 001 001 001 001 001 001 001 001 001 001 001 001 001 001 001 001 001 001 001 001 001 001 001 001 001 001 001 001 001 001 001 001 001 001 001 001 001 001 001 001 001 001 048 049 005 005 005 001 001 001 001 001 001
001 001 001 001 001 001 001 001 001 001 005 050 051 001 001 001 001 001 005 001 001 001 001 001 001 001 001 001 001 001 001 001 001 001 001 001 001 001 001 001 001 001 001 001 001 001 001 001 001 001 001 001 001 001 001 001 001 001 001 001 001 001 001 001 001 001 001 001 001 001 001 001 001 001 001 001 001 001 001 001 001 001 001 001 001 001 001 001 001 050 051 005 005 001 001 001 001 001 001 001
001 053 052 054 001 001 001 001 005 001 048 049 001 001 001 001 002 005 001 001 002 001 001 001 001 001 001 001 001 001 001 001 001 001 001 001 001 001 001 001 001 001 001 002 001 001 001 001 001 001 001 001 001 001 001 001 001 001 001 001 001 001 001 001 001 001 001 001 001 001 001 003 001 001 001 001 001 001 006 001 001 001 001 001 004 001 001 002 001 001 048 049 001 001 001 001 001 001 001 001
053 052 052 052 054 001 001 001 001 001 050 051 001 001 003 001 001 001 001 001 003 001 001 001 001 001 001 001 003 001 001 001 001 001 001 001 003 001 001 001 001 001 001 001 001 001 001 001 001 001 002 001 001 004 001 001 001 001 001 001 001 001 001 001 001 001 009 009 009 009 009 009 009 009 009 009 009 009 009 009 009 009 009 009 009 009 009 002 002 002 050 051 001 001 001 001 001 001 001 001
000 000 000 000 000 001 001 001 048 049 048 049 001 001 001 001 001 001 001 001 001 001 001 001 001 001 001 001 001 001 001 001 001 001 001 001 001 001 001 001 001 001 001 003 001 003 001 001 001 001 001 001 009 009 009 009 001 001 001 009 009 009 009 009 009 009 009 003 003 003 003 002 003 003 003 003 003 003 003 003 003 003 003 003 003 003 003 003 003 002 048 049 001 001 001 001 001 001 001 001
000 000 000 000 000 001 001 001 050 051 050 051 001 001 001 001 001 003 001 001 001 001 001 002 001 001 001 001 001 001 003 001 001 001 001 001 001 001 001 003 001 001 001 001 001 001 001 001 001 001 001 001 009 001 001 001 001 002 003 003 002 009 001 001 001 001 009 003 003 003 003 003 003 003 003 003 003 003 003 003 001 003 003 003 003 003 003 003 003 002 050 051 001 001 001 001 001 001 001 001
000 011 012 000 000 001 001 001 048 049 048 049 001 001 001 001 001 001 001 001 001 001 001 001 001 001 001 001 001 001 001 001 001 001 001 001 001 001 001 001 001 001 001 001 001 001 001 001 001 001 001 001 009 001 001 001 001 001 002 002 002 001 001 001 001 001 009 003 003 003 003 003 003 003 003 003 003 003 003 002 003 002 003 003 003 001 002 003 003 005 005 005 005 001 001 001 001 001 001 001
000 014 013 000 000 001 001 001 050 051 050 051 001 001 001 001 001 001 001 001 001 001 001 001 001 001 003 001 001 003 001 001 001 003 001 001 001 001 001 001 001 001 001 001 001 001 001 001 001 001 001 001 009 001 002 001 002 001 002 003 003 001 001 001 001 001 009 003 003 003 003 003 003 003 003 002 003 003 002 002 003 003 001 005 003 003 003 002 003 005 005 005 005 001 001 001 001 001 001 001
000 000 000 000 000 001 001 001 001 048 049 001 001 001 002 001 001 001 001 001 001 001 001 001 001 001 001 001 001 001 001 001 001 001 001 001 001 001 001 001 001 001 001 001 001 001 001 001 001 001 001 001 009 001 001 001 001 001 001 001 002 009 009 009 009 009 009 003 003 003 003 003 001 003 003 002 001 003 002 002 003 002 003 002 003 003 003 003 003 005 005 005 005 001 001 001 001 001 001 001
000 000 000 000 000 001 001 001 001 050 051 001 001 001 001 001 001 001 001 001 001 001 001 001 001 001 001 001 001 001 001 001 001 001 001 001 001 001 001 001 001 001 001 001 001 001 001 003 001 001 002 001 009 001 001 001 001 001 001 001 002 009 003 003 003 003 003 003 003 003 003 002 003 002 003 003 003 002 002 003 003 003 003 003 003 003 003 003 002 005 005 005 005 001 001 001 001 001 001 001
000 011 012 000 000 001 001 001 001 048 049 001 001 001 001 001 001 001 001 001 001 001 001 001 001 001 001 001 001 001 001 001 001 001 001 001 001 001 001 001 001 001 001 001 001 001 001 001 001 001 001 001 009 001 001 001 001 003 001 001 001 009 003 003 003 003 003 003 003 003 003 002 002 003 003 002 003 048 049 003 003 003 003 003 003 003 003 003 003 005 005 005 005 001 001 001 001 001 001 001
000 014 013 000 000 001 001 001 001 050 051 001 001 001 001 001 001 001 001 001 001 001 001 001 001 001 001 001 001 001 001 001 001 001 001 001 001 001 001 001 001 001 001 001 001 001 001 001 001 001 001 001 009 001 002 001 001 001 001 001 001 009 003 003 003 003 003 003 003 003 003 003 003 003 003 003 003 050 051 002 003 048 049 002 002 003 002 003 003 002 005 005 005 001 001 001 001 001 001 001
000 000 000 000 000 001 001 001 001 005 048 049 001 001 001 001 001 003 001 001 001 001 001 001 001 001 001 001 001 003 001 001 001 001 001 001 001 001 001 001 001 001 001 001 001 001 001 001 001 001 001 001 009 001 001 001 001 001 002 001 003 009 003 003 003 003 003 003 003 003 003 003 003 003 048 049 003 003 048 049 003 050 051 003 003 003 003 003 003 003 005 005 048 049 001 001 001 048 049 001
010 010 010 010 037 001 001 001 005 005 050 051 001 001 001 001 001 001 001 001 001 001 001 001 001 001 001 001 001 002 001 001 001 001 001 001 001 001 001 001 001 001 001 001 001 001 001 001 001 001 001 001 009 003 001 001 001 003 001 001 003 009 003 003 003 003 003 003 003 003 003 003 003 003 050 051 048 049 050 051 003 003 003 003 003 003 003 003 003 003 005 005 050 051 001 001 001 050 051 001
041 010 010 010 037 001 001 001 005 005 048 049 001 001 001 001 001 001 001 001 001 001 001 002 001 001 001 001 001 001 001 001 001 001 001 001 001 001 001 001 001 001 001 001 001 001 001 001 001 001 001 001 009 001 001 001 001 001 001 001 003 002 003 003 003 003 002 003 003 002 003 002 003 003 003 003 050 051 003 003 002 003 003 003 003 003 003 003 003 003 048 049 048 049 048 049 048 049 048 049
045 041 010 010 037 001 001 001 001 005 050 051 001 001 001 001 001 001 001 001 003 001 001 001 001 001 001 001 001 001 001 001 002 001 001 001 001 001 001 002 001 001 001 003 001 001 001 001 001 001 001 001 009 005 001 001 001 001 002 001 003 003 003 003 003 003 003 003 003 003 003 003 003 002 003 003 003 001 003 003 003 003 003 003 003 003 003 003 003 003 050 051 050 051 050 051 050 051 050 051
001 045 041 010 037 001 001 001 001 048 049 001 001 001 001 001 001 001 001 001 001 001 001 001 001 001 001 001 001 001 001 001 001 001 001 001 001 001 001 001 001 001 001 001 001 001 001 001 001 001 001 001 009 001 001 001 001 001 001 001 003 002 003 003 003 003 003 003 003 003 003 003 003 003 003 003 003 003 003 003 003 003 003 002 002 003 002 003 003 003 048 049 048 049 001 001 048 049 048 049
001 001 036 010 037 001 001 001 001 050 051 001 001 001 001 001 001 001 001 001 001 001 001 001 001 001 001 001 001 001 001 001 001 001 001 001 001 001 001 001 001 001 001 001 001 001 001 001 001 001 001 001 009 001 001 003 002 003 001 001 003 009 003 003 003 003 003 003 003 003 003 003 003 003 003 003 003 003 003 003 003 003 005 003 003 003 003 003 003 003 050 051 050 051 001 001 050 051 050 051
001 001 036 010 037 001 001 001 001 048 049 001 001 001 001 001 001 001 001 001 001 001 001 001 042 035 035 035 035 035 035 035 035 035 035 035 043 001 001 001 001 001 001 002 001 001 001 001 001 001 001 001 009 003 001 001 001 001 001 001 003 009 003 002 002 003 003 003 002 002 003 003 005 002 002 003 003 003 002 002 003 003 003 002 003 002 002 003 003 002 005 048 049 001 001 001 001 001 001 001
001 001 036 010 037 001 001 001 001 050 051 001 001 001 001 001 001 001 001 001 001 042 035 035 038 010 010 010 010 010 010 010 010 010 010 010 039 035 043 001 001 001 001 001 001 001 001 001 001 001 001 001 009 003 001 001 001 001 001 002 001 009 003 003 003 003 003 003 003 003 003 003 003 003 003 003 003 003 003 003 003 003 003 003 003 003 003 003 003 005 005 050 051 001 001 001 001 001 001 001
001 001 036 010 037 001 001 001 001 048 049 001 001 001 001 001 001 001 001 001 042 038 010 010 010 010 010 010 010 010 010 010 010 010 010 010 010 010 039 035 043 001 001 001 001 001 001 001 001 001 001 001 009 001 001 002 001 001 003 001 001 009 003 003 003 003 003 003 003 003 003 003 003 003 003 003 003 003 003 003 003 003 003 003 003 003 003 003 003 005 005 005 001 001 001 001 005 001 005 005
001 001 036 010 037 001 001 001 001 050 051 001 001 001 001 001 001 001 001 001 036 010 010 010 010 010 010 010 010 010 010 010 010 010 010 010 010 010 010 010 039 043 001 001 001 001 001 001 001 001 001 001 009 001 001 001 003 001 001 001 001 009 003 003 002 002 002 003 003 002 002 002 003 003 002 002 002 003 003 002 002 002 003 003 002 002 002 002 002 005 005 005 001 002 001 001 001 001 001 001
001 001 036 010 037 001 001 001 001 001 048 049 001 001 001 001 001 002 001 001 036 010 010 010 010 010 010 010 010 010 010 010 010 010 010 010 010 010 010 010 010 037 001 001 001 001 001 001 001 001 001 001 009 003 001 001 002 001 001 001 001 009 002 002 003 002 002 003 003 002 002 002 002 002 003 003 002 002 002 003 002 003 002 002 002 003 002 003 002 003 005 001 001 001 001 001 001 001 001 001
073 073 074 070 075 001 001 001 001 001 050 051 001 001 001 001 001 001 001 001 045 041 040 034 034 034 034 034 034 034 034 034 034 041 010 010 010 010 010 010 040 044 001 001 001 001 001 001 001 001 001 001 009 001 001 001 001 001 002 001 001 009 001 002 003 001 003 003 002 003 003 003 003 001 001 003 003 009 009 009 009 009 009 009 009 009 009 009 009 009 009 001 001 001 001 001 001 001 001 001
069 069 069 069 069 001 001 001 001 048 049 005 001 001 002 001 001 001 001 001 001 045 044 016 015 015 015 015 015 015 015 015 017 045 034 034 034 034 034 034 044 001 001 001 001 001 001 001 001 001 001 001 009 001 001 003 001 001 001 001 001 009 001 001 001 053 052 052 052 052 052 052 052 054 001 001 001 009 037 001 001 001 001 001 001 001 001 001 001 001 009 001 001 001 001 001 001 001 001 001
069 069 069 069 069 001 003 001 001 050 051 048 049 001 001 001 001 001 001 001 001 001 016 015 015 015 015 018 019 015 015 015 015 020 015 015 015 015 015 015 015 015 015 015 015 017 001 001 001 001 001 001 009 003 002 001 001 001 001 001 001 009 002 001 053 052 052 052 052 052 052 052 052 052 054 001 001 009 037 001 001 081 077 077 077 077 077 077 082 001 009 003 001 001 001 001 005 001 001 001
069 069 069 069 069 001 001 001 001 048 049 050 051 001 001 001 001 003 001 001 001 016 015 015 015 015 018 011 012 019 015 015 015 015 020 015 015 015 015 015 015 015 015 015 015 015 017 001 001 001 001 001 009 001 001 003 003 001 002 003 001 009 001 053 052 052 052 052 052 052 052 052 052 052 052 054 001 009 044 001 001 079 076 076 076 076 076 076 080 001 009 001 001 005 001 001 001 003 003 001
069 069 069 069 069 001 001 002 001 050 051 048 049 001 001 001 001 001 001 001 016 015 015 015 015 018 000 014 013 000 019 015 015 015 015 020 015 015 015 015 015 015 015 015 015 015 015 017 001 001 001 001 009 001 001 001 001 003 001 001 003 009 053 052 052 052 052 052 052 052 052 052 052 052 052 052 054 009 001 001 001 079 076 076 076 076 076 076 080 001 009 001 001 001 001 001 001 001 001 001
069 069 069 069 069 001 001 001 001 005 005 050 051 001 001 001 001 001 001 001 000 000 000 000 000 000 000 000 000 000 000 000 000 000 000 000 000 000 000 000 000 000 000 000 000 000 000 000 001 001 001 001 009 002 001 001 001 001 001 001 001 055 052 052 052 052 052 052 052 052 052 052 052 052 052 052 052 056 001 001 001 079 076 076 076 076 076 076 080 001 009 001 001 001 001 001 001 001 001 002
069 069 069 069 069 001 003 001 001 005 005 001 001 001 001 001 001 001 001 001 000 011 012 000 011 012 000 011 012 000 011 012 000 011 012 000 011 012 000 011 012 000 011 012 000 011 012 000 009 002 009 009 009 001 001 001 001 001 001 001 001 000 000 000 000 000 000 000 000 000 000 000 000 000 000 000 000 000 001 001 001 079 076 076 076 076 076 076 080 001 009 003 001 002 001 001 001 001 001 001
069 069 069 069 069 001 001 001 001 005 005 001 001 001 001 003 001 002 001 001 000 014 013 000 014 013 000 014 013 000 014 013 000 014 013 000 014 013 000 014 013 000 014 013 000 014 013 000 003 003 003 003 001 003 001 002 003 001 003 001 001 000 021 021 021 021 021 021 021 021 021 021 000 000 000 000 000 000 001 001 001 079 076 076 076 076 076 076 080 001 009 001 001 001 002 001 001 001 002 001
069 069 069 069 069 001 001 001 001 005 005 001 001 001 001 001 001 001 001 001 000 000 000 000 000 000 000 000 000 000 000 000 000 000 000 000 000 000 000 000 000 000 000 000 000 000 000 000 002 003 003 001 001 001 001 001 001 001 001 001 003 000 021 021 021 021 021 021 021 021 021 021 000 000 000 000 000 000 001 001 001 079 076 076 076 076 076 076 080 001 009 001 001 001 001 001 001 002 001 003
069 069 069 069 069 001 001 002 001 005 005 001 001 001 001 001 001 001 001 001 000 011 012 000 011 012 000 000 000 000 011 012 000 011 012 000 011 012 000 000 000 000 011 012 000 000 000 000 006 002 001 002 001 002 001 001 001 001 001 003 001 000 021 021 021 021 021 021 021 021 021 021 000 000 000 000 000 000 001 001 001 079 076 076 076 076 076 076 080 001 009 002 001 001 001 001 001 001 001 001
069 069 069 069 069 001 001 001 001 005 005 001 001 001 002 002 001 001 001 001 000 014 013 000 014 013 000 047 047 000 014 013 000 014 013 000 014 013 000 047 047 000 014 013 000 047 047 000 002 001 001 003 001 001 001 003 001 002 001 001 001 000 021 021 021 021 021 021 021 021 021 021 000 000 000 000 000 000 001 001 001 079 076 076 076 076 076 076 080 001 009 001 001 001 003 001 001 001 001 001
069 069 069 069 069 001 001 001 001 001 009 009 009 009 009 009 009 009 001 001 000 000 000 000 000 000 000 046 046 000 000 000 000 000 000 000 000 000 000 046 046 000 000 000 000 046 046 000 006 002 003 003 003 002 001 001 001 001 001 001 001 000 021 021 021 021 021 021 021 021 021 021 000 000 047 047 000 000 001 001 001 084 078 078 078 078 078 078 083 001 009 042 035 035 035 035 035 035 035 043
069 069 069 069 069 001 001 001 001 003 009 001 001 001 001 001 001 001 001 001 001 007 008 008 008 007 007 036 037 008 008 007 007 008 008 007 007 007 008 036 037 008 008 007 007 036 037 006 001 001 001 001 003 001 001 001 001 001 002 001 001 000 030 030 030 030 030 030 030 030 030 030 000 000 046 046 000 000 001 001 001 001 001 001 001 001 001 001 001 001 009 038 010 010 010 010 010 010 010 039
069 069 069 069 069 001 001 001 001 001 009 001 001 001 001 001 001 002 001 001 001 042 035 035 035 035 035 038 039 035 035 035 035 035 035 035 035 035 035 038 039 035 035 035 035 038 039 043 003 001 003 003 003 001 027 031 031 031 031 031 031 031 031 031 031 031 031 031 031 031 031 031 031 031 031 031 031 031 026 001 001 001 042 035 035 035 043 001 001 001 009 010 010 010 010 010 010 010 010 010
069 069 069 069 069 001 005 005 001 001 009 001 001 002 001 003 001 001 002 001 042 038 010 010 010 040 034 034 034 034 034 034 034 034 034 034 034 034 034 034 034 034 034 034 034 034 034 044 002 001 001 003 001 027 024 021 021 021 021 021 021 021 021 021 021 021 021 021 021 021 021 021 021 021 021 021 021 021 025 026 001 000 000 000 000 000 000 000 009 009 009 010 010 010 010 010 010 010 010 010
069 069 069 069 069 001 001 005 001 001 009 001 001 001 001 003 001 001 001 001 045 034 034 034 034 044 001 001 001 027 031 031 031 031 031 031 031 031 031 031 031 031 031 031 031 031 031 031 031 031 031 031 031 024 021 021 021 021 021 021 021 021 021 021 021 021 021 021 021 021 021 021 021 021 021 021 021 021 021 032 000 061 010 010 010 010 010 000 010 010 010 010 010 010 010 010 010 010 010 010
069 069 069 069 069 001 001 001 001 002 009 001 001 001 001 001 001 001 001 001 001 001 001 001 001 001 001 001 027 024 021 021 021 021 021 021 021 021 021 021 021 021 021 021 021 021 021 021 021 021 021 021 021 021 021 022 030 030 030 030 030 030 030 030 030 030 030 030 030 030 030 030 030 030 030 030 030 030 030 029 000 010 010 010 010 010 010 000 010 010 010 010 010 010 010 010 010 010 010 010
069 069 069 069 069 001 001 001 001 001 009 001 001 001 001 001 001 001 001 001 001 001 001 001 001 001 001 027 024 021 021 021 021 021 021 021 021 021 021 021 021 021 021 021 021 021 021 021 021 021 021 021 021 021 022 029 001 001 001 003 001 001 002 001 001 001 001 001 002 002 001 001 001 001 001 001 001 001 001 001 000 010 010 010 010 010 010 000 010 010 010 010 010 010 010 010 010 010 010 010
069 069 069 069 069 001 003 001 001 001 009 001 001 001 001 002 001 001 001 001 001 001 001 001 001 001 027 024 021 021 021 022 030 030 030 030 030 030 030 030 030 030 030 030 030 030 030 030 030 030 030 030 030 030 029 001 001 001 001 001 001 001 001 001 001 001 001 001 001 001 001 001 001 001 001 001 001 001 001 042 000 010 010 010 010 010 010 000 010 010 010 010 010 010 010 010 010 010 010 010
069 069 069 069 069 001 001 001 001 001 009 001 001 001 001 002 001 001 003 001 001 001 002 001 001 001 033 021 021 021 022 029 003 001 001 001 001 001 001 001 001 001 002 001 001 001 001 001 001 002 005 005 001 001 001 001 001 001 001 001 001 001 002 001 001 001 001 001 001 001 001 001 001 003 001 001 003 001 001 036 000 000 000 000 000 000 000 000 010 010 010 010 010 010 010 010 010 010 010 010
069 069 069 069 069 001 016 015 017 005 009 001 001 001 001 001 001 003 001 001 001 001 001 003 001 001 033 021 021 022 029 001 001 001 001 001 001 001 002 002 001 001 001 001 001 001 001 001 001 001 005 005 001 001 001 001 003 001 001 001 001 001 001 001 002 001 001 001 001 001 001 001 001 001 001 001 001 001 003 036 000 061 010 010 010 010 010 000 010 010 010 010 010 010 010 010 010 010 010 010
069 069 069 069 069 016 015 015 015 017 009 002 003 002 002 001 001 001 001 001 001 001 001 001 001 001 033 021 021 032 001 001 001 001 001 001 001 001 001 002 003 001 001 001 001 001 001 003 001 001 005 005 001 003 001 001 001 001 001 001 001 001 001 001 001 001 001 002 001 001 001 001 001 001 001 001 001 001 001 036 000 010 010 010 010 010 010 000 010 010 010 010 010 010 010 010 010 010 010 010
069 069 069 069 069 000 000 000 000 000 009 002 002 004 003 001 001 001 001 001 001 001 001 001 001 001 033 021 021 032 001 001 001 001 001 001 001 001 001 001 001 001 001 001 001 001 001 001 001 001 005 005 001 001 001 001 001 001 001 001 001 001 001 001 001 001 001 001 001 001 003 001 001 001 001 001 001 001 001 036 010 010 010 010 010 010 010 000 010 010 010 010 010 010 010 010 010 010 010 010
069 069 069 069 069 000 000 000 000 000 009 002 003 002 001 001 001 001 001 001 001 001 001 001 006 001 033 021 021 032 001 001 001 001 001 001 001 001 001 001 001 001 001 001 001 002 001 001 001 001 005 005 001 001 001 001 001 001 001 001 001 001 003 001 001 001 002 001 001 001 003 001 001 001 001 001 001 001 001 036 010 010 010 010 010 010 010 000 010 010 010 010 010 010 010 010 010 010 010 010
069 069 069 069 069 000 000 011 012 000 009 001 001 002 001 001 001 001 001 001 001 001 001 001 001 001 033 021 021 032 001 001 001 001 002 001 001 001 001 001 001 001 001 001 001 001 001 001 001 001 005 005 001 001 001 001 001 001 001 001 001 001 001 001 001 001 001 001 001 001 001 001 001 001 003 001 001 001 003 036 000 010 010 010 010 010 010 000 010 010 010 010 010 010 010 010 010 010 010 010
069 069 069 069 010 000 000 014 013 000 009 001 001 001 001 001 001 001 001 001 001 001 002 001 001 001 033 021 021 032 001 001 001 001 001 001 001 001 003 001 001 001 001 001 003 001 001 001 001 001 005 005 001 001 001 001 001 001 001 001 001 001 001 001 002 001 001 001 003 001 001 001 001 001 001 001 001 001 001 036 000 010 010 010 010 010 010 000 010 010 010 010 010 010 010 010 010 010 010 010
069 069 069 069 010 000 000 000 000 000 009 001 002 001 003 001 001 002 001 001 001 001 001 001 001 001 033 021 021 032 001 001 001 001 001 001 001 001 001 001 001 001 001 001 001 001 001 001 001 001 005 005 001 001 001 001 001 001 001 001 001 001 001 001 001 001 001 001 001 001 001 001 001 003 001 001 001 001 001 036 000 010 010 010 010 010 010 000 010 010 010 010 010 010 010 010 010 010 010 010
069 069 069 069 010 000 000 000 000 000 009 002 001 001 001 001 001 001 001 001 001 001 001 001 001 001 033 021 021 032 001 001 001 001 001 001 001 001 001 001 001 001 001 001 001 001 001 001 001 001 005 005 001 001 001 001 001 001 001 001 001 001 003 001 001 001 001 003 001 001 001 001 001 001 001 001 001 001 001 036 000 010 010 010 010 010 010 000 010 010 010 010 010 010 010 010 010 010 010 010
069 069 069 069 070 070 070 070 070 070 009 003 003 001 002 001 001 001 001 001 001 001 001 001 001 001 033 021 021 032 001 001 001 003 001 001 001 001 001 002 001 001 001 001 001 001 001 001 001 001 005 005 001 001 001 001 001 001 001 001 001 001 001 001 002 001 001 001 001 003 001 001 001 001 001 001 001 001 001 036 000 010 010 010 010 010 010 000 010 010 010 010 010 010 010 010 010 010 010 010
069 069 069 069 069 069 069 069 069 069 009 003 003 003 001 001 001 001 001 001 001 001 001 001 001 001 033 021 021 032 001 001 001 001 001 001 001 001 001 001 001 001 001 001 003 001 001 003 001 001 001 001 001 001 001 001 001 001 001 001 001 001 001 001 001 001 001 001 001 001 001 002 001 002 001 001 001 001 001 045 000 010 010 010 010 010 010 000 010 010 010 010 010 010 010 010 010 010 010 010
069 069 069 069 069 069 069 069 069 069 009 002 003 001 002 001 001 001 001 001 001 003 001 001 002 001 033 021 021 032 001 001 001 001 001 001 001 001 002 001 001 001 001 001 001 001 001 001 001 001 001 001 001 001 001 001 001 001 006 001 001 001 001 001 001 001 001 003 001 001 001 003 001 001 001 001 001 001 001 001 000 000 000 000 000 000 000 000 010 010 010 010 010 010 010 010 010 010 010 010
069 069 069 069 069 069 069 069 069 069 009 002 001 003 001 001 001 001 001 001 001 001 001 003 001 001 033 021 021 032 001 001 001 001 003 001 003 001 001 001 001 001 001 001 001 001 001 001 001 001 001 000 000 046 000 000 001 001 001 001 001 001 001 001 001 001 001 001 001 001 001 001 001 001 002 001 001 001 003 001 001 001 001 001 001 001 001 009 010 010 010 010 010 010 010 010 010 010 010 010
069 069 069 069 069 069 069 069 069 069 009 002 002 001 001 001 001 001 001 001 001 001 001 001 001 001 033 021 021 032 001 003 001 001 001 001 001 001 001 001 006 001 001 001 001 001 001 003 001 001 001 000 047 047 047 000 002 001 001 001 001 001 004 001 003 001 003 001 001 003 001 001 001 003 001 001 001 001 001 001 001 001 001 001 001 001 001 009 009 009 009 010 010 010 010 010 010 010 010 010
052 052 072 069 069 069 069 069 069 069 009 003 002 001 001 001 001 001 001 001 001 002 001 001 001 001 033 021 021 032 001 001 001 001 001 001 000 000 000 000 000 000 000 031 031 000 000 000 000 000 000 000 047 047 047 000 002 001 001 001 000 000 000 031 031 031 031 031 031 031 031 031 031 031 000 001 003 001 001 001 001 001 001 001 001 001 001 001 001 001 009 010 010 010 010 010 010 010 010 010
052 052 052 072 069 069 069 069 069 069 009 003 003 002 001 001 001 001 001 001 001 001 001 001 001 001 033 021 021 032 001 001 001 002 002 001 000 021 021 021 000 021 021 021 021 021 021 021 021 021 021 000 047 047 047 000 006 001 001 001 036 010 000 021 021 021 021 021 021 021 021 021 021 021 000 001 001 001 001 001 001 001 001 001 001 001 001 001 001 001 009 010 010 010 010 010 010 010 010 010
052 052 052 052 072 069 069 069 069 069 009 003 003 001 001 001 001 001 001 001 001 001 001 002 001 001 033 021 021 032 001 001 001 001 001 001 000 021 021 021 000 021 021 021 021 021 021 021 021 021 021 000 047 047 047 000 003 001 001 001 036 010 000 021 021 021 021 021 021 021 021 021 021 021 000 000 000 031 031 031 031 031 031 000 000 000 000 000 000 000 000 010 010 010 010 010 010 010 010 010
000 000 000 000 000 069 069 069 069 069 009 003 001 001 001 001 001 001 001 001 001 001 001 001 001 001 033 021 021 032 001 001 001 001 001 001 000 021 021 021 000 021 021 021 021 021 021 021 021 021 021 000 047 047 047 000 003 003 001 003 000 000 000 021 021 021 021 021 021 021 021 021 021 021 000 021 021 021 021 021 021 021 021 021 021 000 021 021 021 021 000 010 010 009 009 009 009 009 010 010
000 011 012 000 000 069 069 069 069 069 009 002 001 001 003 001 001 002 001 001 001 001 001 001 001 001 033 021 021 032 003 001 001 001 002 001 000 021 021 021 000 021 021 021 021 021 021 021 021 021 021 000 047 047 047 000 002 003 003 002 003 003 000 021 021 021 021 021 021 021 021 021 021 021 000 021 021 021 021 021 021 021 021 021 021 000 021 021 021 021 000 010 010 009 010 010 010 009 010 010
000 014 013 000 000 010 069 069 069 010 009 002 001 002 003 001 003 003 005 005 001 001 001 001 001 001 033 021 021 032 001 001 001 001 001 001 000 060 021 021 000 060 021 021 021 021 021 021 021 021 021 000 047 047 047 000 002 003 003 003 002 003 000 021 021 021 021 021 021 021 021 021 021 021 000 060 021 021 021 021 021 021 021 021 021 000 060 021 021 021 000 010 010 009 010 010 010 009 010 010
000 000 000 000 000 010 069 069 069 010 009 009 009 009 009 009 009 009 009 009 009 009 009 009 009 009 009 021 021 009 009 009 009 009 009 009 000 000 000 000 000 000 000 000 000 000 000 000 000 000 000 000 000 000 000 000 009 009 009 009 009 009 000 000 000 000 000 000 000 000 000 000 000 000 000 000 000 000 000 000 000 000 000 000 000 000 000 000 000 000 000 009 009 009 010 010 010 009 009 009
010 010 010 010 010 010 069 069 069 010 010 010 010 010 010 010 010 010 010 010 010 010 010 010 010 010 010 010 010 010 010 010 010 010 010 010 010 010 010 010 010 010 010 010 010 010 010 010 010 010 010 010 010 010 010 010 010 010 010 010 010 010 010 010 010 010 010 010 010 010 010 010 010 010 010 010 010 010 010 010 010 010 010 010 010 010 010 010 010 010 010 010 010 010 010 010 010 010 010 010
070 070 070 070 070 069 069 069 069 069 070 070 070 070 070 070 070 070 070 070 070 070 070 070 070 070 070 070 070 070 070 070 070 070 070 070 070 070 070 070 070 070 070 070 070 070 070 070 070 070 070 070 070 070 070 070 070 070 070 070 070 070 070 070 070 070 070 070 070 070 070 070 070 070 070 070 070 070 070 070 070 070 070 070 070 070 070 070 070 070 070 070 070 070 070 070 070 070 070 070
069 069 069 069 069 069 069 069 069 069 069 069 069 069 069 069 069 069 069 069 069 069 069 069 069 069 069 069 069 069 069 069 069 069 069 069 069 069 069 069 069 069 069 069 069 069 069 069 069 069 069 069 069 069 069 069 069 069 069 069 069 069 069 069 069 069 069 069 069 069 069 069 069 069 069 069 069 069 069 069 069 069 069 069 069 069 069 069 069 069 069 069 069 069 069 069 069 069 069 069 
069 069 069 069 069 069 069 069 069 069 069 069 069 069 069 069 069 069 069 069 069 069 069 069 069 069 069 069 069 069 069 069 069 069 069 069 069 069 069 069 069 069 069 069 069 069 069 069 069 069 069 069 069 069 069 069 069 069 069 069 069 069 069 069 069 069 069 069 069 069 069 069 069 069 069 069 069 069 069 069 069 069 069 069 069 069 069 069 069 069 069 069 069 069 069 069 069 069 069 069