009 009 009 009 009 009 009 009 009 009 009 009 009 009 009 009 009 009 009 009 009 009 009 009 009 009 009 009 009 009 009 009 009 009 009 009 009 009 009 009 009 009 009 009 009 009 009 009 009 009 009 009 009 009 009 009 009 009 009 009 009 009 009 009 009 009 009 009 009 009 009 009 009 009 009 009 009 009 009 009 009 009 009 009 009 009 009 009 009 009 009 009 009 009 009 009 009 009 009 009
009 009 009 009 009 009 009 009 009 009 009 009 009 009 009 009 009 009 009 009 009 009 009 009 009 009 009 009 009 009 009 009 009 009 009 009 009 009 009 009 009 009 009 009 009 009 009 009 009 009 009 009 009 009 009 009 009 009 009 009 009 009 009 009 009 009 009 009 009 009 009 009 009 009 009 009 009 009 009 009 009 009 009 009 009 009 009 009 009 009 009 009 009 009 009 009 009 009 009 009
009 009 009 009 009 009 009 009 009 009 009 009 009 009 009 009 009 009 009 009 009 009 009 009 009 009 009 009 009 009 009 009 009 009 009 009 009 009 009 009 009 009 009 009 009 009 009 009 009 009 009 009 009 009 009 009 009 009 009 009 009 009 009 009 009 009 009 009 009 009 009 009 009 009 009 009 009 009 009 009 009 009 009 009 009 009 009 009 009 009 009 009 009 009 009 009 009 009 009 009
009 009 009 009 009 009 009 009 009 009 009 009 009 009 009 009 009 009 009 009 009 009 009 009 009 009 009 009 009 009 009 009 009 009 009 009 009 009 009 009 009 009 009 009 009 009 009 009 009 009 009 009 009 009 009 009 009 009 009 009 009 009 009 009 009 009 009 009 009 009 009 009 009 009 009 009 009 009 009 009 009 009 009 009 009 009 009 009 009 009 009 009 009 009 009 009 009 009 009 009
009 009 009 009 009 009 009 009 009 009 009 009 009 009 009 009 009 009 009 009 009 009 009 009 009 009 009 009 009 009 009 009 009 009 009 009 009 009 009 009 009 009 009 009 009 009 009 009 009 009 009 009 009 009 009 009 009 009 009 009 009 009 009 009 009 009 009 009 009 009 009 009 009 009 009 009 009 009 009 009 009 009 009 009 009 009 009 009 009 009 009 009 009 009 009 009 009 009 009 009
009 009 009 009 009 009 009 009 009 009 009 009 009 009 009 009 009 009 009 009 009 009 009 009 009 009 009 009 009 009 009 009 009 009 009 009 009 009 009 009 009 009 009 009 009 009 009 009 009 009 009 009 009 009 009 009 009 009 009 009 009 009 009 009 009 009 009 009 009 009 009 009 009 009 009 009 009 009 009 009 009 009 009 009 009 009 009 009 009 009 009 009 009 009 009 009 009 009 009 009
009 009 009 009 009 009 009 009 009 009 009 009 009 009 009 009 009 009 009 009 009 009 009 009 009 009 009 009 009 009 009 009 009 009 009 009 009 009 009 009 009 009 009 009 009 009 009 009 009 009 009 009 009 009 009 009 009 009 009 009 009 009 009 009 009 009 009 009 009 009 009 009 009 009 009 009 009 009 009 009 009 009 009 009 009 009 009 009 009 009 009 009 009 009 009 009 009 009 009 009
009 009 009 009 009 009 009 009 009 009 009 009 009 009 009 009 009 009 009 009 009 009 009 009 009 009 009 009 009 009 009 009 009 009 009 009 009 009 009 009 009 009 009 009 009 009 009 009 009 009 009 009 009 009 009 009 009 009 009 009 009 009 009 009 009 009 009 009 009 009 009 009 009 009 009 009 009 009 009 009 009 009 009 009 009 009 009 009 009 009 009 009 009 009 009 009 009 009 009 009
009 009 009 009 009 009 009 009 009 009 009 009 009 009 009 009 009 009 009 009 009 009 009 009 009 009 009 009 009 009 009 009 009 009 009 009 009 009 009 009 009 009 009 009 009 009 009 009 009 009 009 009 009 009 009 009 009 009 009 009 009 009 009 009 009 009 009 009 009 009 009 009 009 009 009 009 009 009 009 009 009 009 009 009 009 009 009 009 009 009 009 009 009 009 009 009 009 009 009 009
009 009 009 009 009 009 009 009 009 009 009 009 009 009 009 009 009 009 009 009 009 009 009 009 009 009 009 009 009 009 009 009 009 009 009 009 009 009 009 009 009 009 009 009 009 009 009 009 009 009 009 009 009 009 009 009 009 009 009 009 009 009 009 009 009 009 009 009 009 009 009 009 009 009 009 009 009 009 009 009 009 009 009 009 009 009 009 009 009 009 009 009 009 009 009 009 009 009 009 009
009 009 009 009 009 009 009 009 009 009 009 009 009 009 009 009 009 009 009 009 009 009 009 009 009 009 009 009 009 009 009 009 009 009 009 009 009 009 009 009 009 009 009 009 009 009 009 009 009 009 009 009 009 009 009 009 009 009 009 009 009 009 009 009 009 009 009 009 009 009 009 009 009 009 009 009 009 009 009 009 009 009 009 009 009 009 009 009 009 009 009 009 009 009 009 009 009 009 009 009
009 009 009 009 009 009 009 009 009 009 009 009 009 009 009 009 009 009 009 009 009 009 009 009 009 009 009 009 009 009 009 009 009 009 009 009 009 009 009 009 009 009 009 009 009 009 009 009 009 009 009 009 009 009 009 009 009 009 009 009 009 009 009 009 009 009 009 009 009 009 009 009 009 009 009 009 009 009 009 009 009 009 009 009 009 009 009 009 009 009 009 009 009 009 009 009 009 009 009 009
009 009 009 009 009 009 009 009 009 009 009 009 009 009 009 009 009 009 009 009 009 009 009 009 009 009 009 009 009 009 009 009 009 009 009 009 009 009 009 009 009 009 009 009 009 009 009 009 009 009 009 009 009 009 009 009 009 009 009 009 009 009 009 009 009 009 009 009 009 009 009 009 009 009 009 009 009 009 009 009 009 009 009 009 009 009 009 009 009 009 009 009 009 009 009 009 009 009 009 009
009 009 009 009 009 009 009 009 009 009 009 009 009 009 009 009 009 009 009 009 009 009 009 009 009 009 009 009 009 009 009 009 009 009 009 009 009 009 009 009 009 009 009 009 009 009 009 009 009 009 009 009 009 009 009 009 009 009 009 009 009 009 009 009 009 009 009 009 009 009 009 009 009 009 009 009 009 009 009 009 009 009 009 009 009 009 009 009 009 009 009 009 009 009 009 009 009 009 009 009
009 009 009 009 009 009 009 009 009 009 009 009 009 009 009 009 009 009 009 009 009 009 009 009 009 009 009 009 009 009 009 009 009 009 009 009 009 009 009 009 009 009 009 009 009 009 009 009 009 009 009 009 009 009 009 009 009 009 009 009 009 009 009 009 009 009 009 009 009 009 009 009 009 009 009 009 009 009 009 009 009 009 009 009 009 009 009 009 009 009 009 009 009 009 009 009 009 009 009 009
009 009 009 009 009 009 009 009 009 009 009 009 009 009 009 009 009 009 009 009 009 009 009 009 009 009 009 009 009 009 009 009 009 009 009 009 009 009 009 009 009 009 009 009 009 009 009 009 009 009 009 009 009 009 009 009 009 009 009 009 009 009 009 009 009 009 009 009 009 009 009 009 009 009 009 009 009 009 009 009 009 009 009 009 009 009 009 009 009 009 009 009 009 009 009 009 009 009 009 009
009 009 009 009 009 009 009 009 009 009 009 009 009 009 009 009 009 009 009 009 009 009 009 009 009 009 009 009 009 009 009 009 009 009 009 009 009 009 009 009 009 009 009 009 009 009 009 009 009 009 009 009 009 009 009 009 009 009 009 009 009 009 009 009 009 009 009 009 009 009 009 009 009 009 009 009 009 009 009 009 009 009 009 009 009 009 009 009 009 009 009 009 009 009 009 009 009 009 009 009
009 009 009 009 009 009 009 009 009 009 009 009 009 009 009 009 009 009 009 009 009 009 009 009 009 009 009 009 009 009 009 009 009 009 009 009 009 009 009 009 009 009 009 009 009 009 009 009 009 009 009 009 009 009 009 009 009 009 009 009 009 009 009 009 009 009 009 009 009 009 009 009 009 009 009 009 009 009 009 009 009 009 009 009 009 009 009 009 009 009 009 009 009 009 009 009 009 009 009 009
009 009 009 009 009 009 009 009 009 009 009 009 009 009 009 009 009 009 009 009 009 009 009 009 009 009 009 009 009 009 009 009 009 009 009 009 009 009 009 009 009 009 009 009 009 009 009 009 009 009 009 009 009 009 009 009 009 009 009 009 009 009 009 009 009 009 009 009 009 009 009 009 009 009 009 009 009 009 009 009 009 009 009 009 009 009 009 009 009 009 009 009 009 009 009 009 009 009 009 009
009 009 009 009 009 009 009 009 009 009 009 009 009 009 009 009 009 009 009 009 009 009 009 009 009 009 009 009 009 009 009 009 009 009 009 009 009 009 009 009 009 009 009 009 009 009 009 009 009 009 009 009 009 009 009 009 009 009 009 009 009 009 009 009 009 009 009 009 009 009 009 009 009 009 009 009 009 009 009 009 009 009 009 009 009 009 009 009 009 009 009 009 009 009 009 009 009 009 009 009
009 009 009 009 009 009 009 009 009 009 009 009 009 009 009 009 009 009 009 009 009 009 009 009 009 009 009 009 009 009 009 009 009 009 009 009 009 009 009 009 009 009 009 009 009 009 009 009 009 009 009 009 009 009 009 009 009 009 009 009 009 009 009 009 009 009 009 009 009 009 009 009 009 009 009 009 009 009 009 009 009 009 009 009 009 009 009 009 009 009 009 009 009 009 009 009 009 009 009 009
009 009 009 009 009 009 009 009 009 009 009 009 009 009 009 009 009 009 009 009 009 009 009 009 009 009 009 009 009 009 009 009 009 009 009 009 009 009 009 009 009 009 009 009 009 009 009 009 009 009 009 009 009 009 009 009 009 009 009 009 009 009 009 009 009 009 009 009 009 009 009 009 009 009 009 009 009 009 009 009 009 009 009 009 009 009 009 009 009 009 009 009 009 009 009 009 009 009 009 009
009 009 009 009 009 009 009 009 009 009 009 009 009 009 009 009 009 009 009 009 009 009 009 009 009 009 009 009 009 009 009 009 009 009 009 009 009 009 009 009 009 009 009 009 009 009 009 009 009 009 009 009 009 009 009 009 009 009 009 009 009 009 009 009 009 009 009 009 009 009 009 009 009 009 009 009 009 009 009 009 009 009 009 009 009 009 009 009 009 009 009 009 009 009 009 009 009 009 009 009
009 009 009 009 009 009 009 009 009 009 009 009 009 009 009 009 009 009 009 009 009 009 009 009 009 009 009 009 009 009 009 009 009 009 009 009 009 009 009 009 009 009 009 009 009 009 009 009 009 009 009 009 009 009 009 009 009 009 009 009 009 009 009 009 009 009 009 009 009 009 009 009 009 009 009 009 009 009 009 009 009 009 009 009 009 009 009 009 009 009 009 009 009 009 009 009 009 009 009 009
009 009 009 009 009 009 009 009 009 009 009 009 009 009 009 009 009 009 009 009 009 009 009 009 009 009 009 009 009 009 009 009 009 009 009 009 009 009 009 009 009 009 009 009 009 009 009 009 009 009 009 009 009 009 009 009 009 009 009 009 009 009 009 009 009 009 009 009 009 009 009 009 009 009 009 009 009 009 009 009 009 009 009 009 009 009 009 009 009 009 009 009 009 009 009 009 009 009 009 009
009 009 009 009 009 009 009 009 009 009 009 009 009 009 009 009 009 009 009 009 009 009 009 009 009 009 009 009 009 009 009 009 009 009 009 009 009 009 009 009 009 009 009 009 009 009 009 009 009 009 009 009 009 009 009 009 009 009 009 009 009 009 009 009 009 009 009 009 009 009 009 009 009 009 009 009 009 009 009 009 009 009 009 009 009 009 009 009 009 009 009 009 009 009 009 009 009 009 009 009
009 009 009 009 009 009 009 009 009 009 009 009 009 009 009 009 009 009 009 009 009 009 009 009 009 009 009 009 009 009 009 009 009 009 009 009 009 009 009 009 009 009 009 009 009 009 009 009 009 009 009 009 009 009 009 009 009 009 009 009 009 009 009 009 009 009 009 009 009 009 009 009 009 009 009 009 009 009 009 009 009 009 009 009 009 009 009 009 009 009 009 009 009 009 009 009 009 009 009 009
009 009 009 009 009 009 009 009 009 009 009 009 009 009 009 009 009 009 009 009 009 009 009 009 009 009 009 009 009 009 009 009 009 009 009 009 009 009 009 009 009 009 009 009 009 009 009 009 009 009 009 009 009 009 009 009 009 009 009 009 009 009 009 009 009 009 009 009 009 009 009 009 009 009 009 009 009 009 009 009 009 009 009 009 009 009 009 009 009 009 009 009 009 009 009 009 009 009 009 009
009 021 021 021 021 021 021 021 021 021 021 021 021 009 009 021 021 021 021 021 021 021 021 021 021 009 009 021 021 021 021 021 021 021 021 021 021 021 021 021 021 021 021 021 021 009 009 021 021 021 021 021 021 009 009 021 021 021 021 021 021 009 009 021 021 021 021 021 021 021 021 009 009 009 009 009 009 009 009 009 009 009 009 009 009 009 009 009 009 009 009 009 009 009 009 009 009 009 009 009
009 021 021 021 021 021 021 021 021 021 021 021 021 009 009 021 021 021 021 021 021 021 021 021 021 009 009 021 021 021 021 021 021 021 021 021 021 021 021 021 021 021 021 021 021 009 009 021 021 021 021 021 021 009 009 021 021 021 021 021 021 009 009 021 021 021 021 021 021 021 021 009 009 009 009 009 009 009 009 009 009 009 009 009 009 009 009 009 009 009 009 009 009 009 009 009 009 009 009 009
009 021 021 009 009 009 009 009 009 009 009 021 021 009 009 021 021 009 009 009 009 009 009 021 021 009 009 009 009 009 009 009 009 009 009 009 009 009 009 021 021 009 009 009 009 009 009 021 021 009 009 021 021 009 009 009 009 009 009 021 021 009 009 021 021 009 009 009 009 021 021 009 009 009 009 009 009 009 009 009 009 009 009 009 009 009 009 009 009 009 009 009 009 009 009 009 009 009 009 009
009 021 021 009 009 009 009 009 009 009 009 021 021 009 009 021 021 009 009 009 009 009 009 021 021 009 009 009 009 009 009 009 009 009 009 009 009 009 009 021 021 009 009 009 009 009 009 021 021 009 009 021 021 009 009 009 009 009 009 021 021 009 009 021 021 009 009 009 009 021 021 009 009 009 009 009 009 009 009 009 009 009 009 009 009 009 009 009 009 009 009 009 009 009 009 009 009 009 009 009
009 021 021 009 009 021 021 021 021 009 009 021 021 009 009 021 021 009 009 021 021 021 021 021 021 009 009 021 021 021 021 021 021 021 021 021 021 009 009 021 021 021 021 021 021 009 009 021 021 009 009 021 021 021 021 021 021 009 009 021 021 009 009 021 021 021 021 009 009 021 021 009 009 009 009 009 009 009 009 009 009 009 009 009 009 009 009 009 009 009 009 009 009 009 009 009 009 009 009 009
009 021 021 009 009 021 021 021 021 009 009 021 021 009 009 021 021 009 009 021 021 021 021 021 021 009 009 021 021 021 021 021 021 021 021 021 021 009 009 021 021 021 021 021 021 009 009 021 021 009 009 021 021 021 021 021 021 009 009 021 021 009 009 021 021 021 021 009 009 021 021 009 009 009 009 009 009 009 009 009 009 009 009 009 009 009 009 009 009 009 009 009 009 009 009 009 009 009 009 009
009 021 021 009 009 021 021 009 009 009 009 021 021 009 009 021 021 009 009 009 009 009 009 009 009 009 009 021 021 009 009 021 021 009 009 021 021 009 009 009 009 009 009 021 021 009 009 021 021 009 009 021 021 009 009 021 021 021 021 021 021 009 009 009 009 021 021 009 009 021 021 009 009 009 009 009 009 009 009 009 009 009 009 009 009 009 009 009 009 009 009 009 009 009 009 009 009 009 009 009
009 021 021 009 009 021 021 009 009 009 009 021 021 009 009 021 021 009 009 009 009 009 009 009 009 009 009 021 021 009 009 021 021 009 009 021 021 009 009 009 009 009 009 021 021 009 009 021 021 009 009 021 021 009 009 021 021 021 021 021 021 009 009 009 009 021 021 009 009 021 021 009 009 009 009 009 009 009 009 009 009 009 009 009 009 009 009 009 009 009 009 009 009 009 009 009 009 009 009 009
009 021 021 009 009 021 021 021 021 021 021 021 021 009 009 021 021 021 021 009 009 021 021 021 021 021 021 021 021 009 009 021 021 009 009 021 021 009 009 021 021 021 021 021 021 009 009 021 021 009 009 021 021 009 009 009 009 009 009 021 021 009 009 021 021 021 021 009 009 021 021 009 009 009 009 009 009 009 009 009 009 009 009 009 009 009 009 009 009 009 009 009 009 009 009 009 009 009 009 009 
009 021 021 009 009 021 021 021 021 021 021 021 021 009 009 021 021 021 021 009 009 021 021 021 021 021 021 021 021 009 009 021 021 009 009 021 021 009 009 021 021 021 021 021 021 009 009 021 021 009 009 021 021 009 009 009 009 009 009 021 021 009 009 021 021 021 021 009 009 021 021 009 009 009 009 009 009 009 009 009 009 009 009 009 009 009 009 009 009 009 009 009 009 009 009 009 009 009 009 009
009 021 021 009 009 009 009 009 009 009 009 009 009 009 009 009 009 021 021 009 009 021 021 009 009 009 009 009 009 009 009 021 021 009 009 021 021 009 009 021 021 009 009 009 009 009 009 021 021 009 009 021 021 021 021 021 021 009 009 021 021 009 009 021 021 009 009 009 009 021 021 009 009 009 009 009 009 009 009 009 009 009 009 009 009 009 009 009 009 009 009 009 009 009 009 009 009 009 009 009
009 021 021 009 009 009 009 009 009 009 009 009 009 009 009 009 009 021 021 009 009 021 021 009 009 009 009 009 009 009 009 021 021 009 009 021 021 009 009 021 021 009 009 009 009 009 009 021 021 009 009 021 021 021 021 021 021 009 009 021 021 009 009 021 021 009 009 009 009 021 021 009 009 009 009 009 009 009 009 009 009 009 009 009 009 009 009 009 009 009 009 009 009 009 009 009 009 009 009 009
009 021 021 021 021 021 021 021 021 021 021 009 009 021 021 009 009 021 021 009 009 021 021 009 009 021 021 021 021 021 021 021 021 009 009 021 021 021 021 021 021 021 021 021 021 021 021 021 021 009 009 021 021 009 009 021 021 009 009 021 021 009 009 021 021 009 009 021 021 021 021 009 009 009 009 009 009 009 009 009 009 009 009 009 009 009 009 009 009 009 009 009 009 009 009 009 009 009 009 009
009 021 021 021 021 021 021 021 021 021 021 009 009 021 021 009 009 021 021 009 009 021 021 009 009 021 021 021 021 021 021 021 021 009 009 021 021 021 021 021 021 021 021 021 021 021 021 021 021 009 009 021 021 009 009 021 021 009 009 021 021 009 009 021 021 009 009 021 021 021 021 009 009 009 009 009 009 009 009 009 009 009 009 009 009 009 009 009 009 009 009 009 009 009 009 009 009 009 009 009
009 009 009 009 009 009 009 009 009 021 021 021 021 021 021 021 021 021 021 021 021 021 021 009 009 021 021 009 009 009 009 009 009 009 009 009 009 009 009 009 009 009 009 009 009 009 009 009 009 009 009 021 021 009 009 021 021 009 009 021 021 009 009 021 021 009 009 021 021 009 009 009 009 009 009 009 009 009 009 009 009 009 009 009 009 009 009 009 009 009 009 009 009 009 009 009 009 009 009 009
009 009 009 009 009 009 009 009 009 021 021 021 021 021 021 021 021 021 021 021 021 021 021 009 009 021 021 009 009 009 009 009 009 009 009 009 009 009 009 009 009 009 009 009 009 009 009 009 009 009 009 021 021 009 009 021 021 009 009 021 021 009 009 021 021 009 009 021 021 009 009 009 009 009 009 009 009 009 009 009 009 009 009 009 009 009 009 009 009 009 009 009 009 009 009 009 009 009 009 009
009 021 021 021 021 021 021 009 009 009 009 009 009 009 009 009 009 009 009 009 009 009 009 009 009 021 021 009 009 021 021 021 021 021 021 021 021 021 021 021 021 021 021 021 021 021 021 021 021 021 021 021 021 009 009 021 021 009 009 021 021 009 009 021 021 009 009 021 021 009 009 009 009 009 009 009 009 009 009 009 009 009 009 009 009 009 009 009 009 009 009 009 009 009 009 009 009 009 009 009
009 021 021 021 021 021 021 009 009 009 009 009 009 009 009 009 009 009 009 009 009 009 009 009 009 021 021 009 009 021 021 021 021 021 021 021 021 021 021 021 021 021 021 021 021 021 021 021 021 021 021 021 021 009 009 021 021 009 009 021 021 009 009 021 021 009 009 021 021 009 009 009 009 009 009 009 009 009 009 009 009 009 009 009 009 009 009 009 009 009 009 009 009 009 009 009 009 009 009 009
009 021 021 009 009 009 009 009 009 021 021 021 021 021 021 009 009 021 021 021 021 009 009 021 021 021 021 009 009 021 021 009 009 021 021 009 009 009 009 009 009 009 009 009 009 009 009 009 009 009 009 009 009 009 009 021 021 009 009 021 021 009 009 021 021 009 009 021 021 021 021 009 009 009 009 009 009 009 009 009 009 009 009 009 009 009 009 009 009 009 009 009 009 009 009 009 009 009 009 009
009 021 021 009 009 009 009 009 009 021 021 021 021 021 021 009 009 021 021 021 021 009 009 021 021 021 021 009 009 021 021 009 009 021 021 009 009 009 009 009 009 009 009 009 009 009 009 009 009 009 009 009 009 009 009 021 021 009 009 021 021 009 009 021 021 009 009 021 021 021 021 009 009 009 009 009 009 009 009 009 009 009 009 009 009 009 009 009 009 009 009 009 009 009 009 009 009 009 009 009
009 021 021 021 021 021 021 009 009 021 021 009 009 021 021 009 009 009 009 021 021 009 009 021 021 009 009 009 009 021 021 009 009 021 021 009 009 021 021 021 021 021 021 021 021 021 021 021 021 021 021 021 021 021 021 021 021 009 009 021 021 021 021 021 021 009 009 009 009 021 021 009 009 009 009 009 009 009 009 009 009 009 009 009 009 009 009 009 009 009 009 009 009 009 009 009 009 009 009 009
009 021 021 021 021 021 021 009 009 021 021 009 009 021 021 009 009 009 009 021 021 009 009 021 021 009 009 009 009 021 021 009 009 021 021 009 009 021 021 021 021 021 021 021 021 021 021 021 021 021 021 021 021 021 021 021 021 009 009 021 021 021 021 021 021 009 009 009 009 021 021 009 009 009 009 009 009 009 009 009 009 009 009 009 009 009 009 009 009 009 009 009 009 009 009 009 009 009 009 009
009 009 009 009 009 021 021 009 009 021 021 009 009 021 021 009 009 009 009 021 021 009 009 021 021 009 009 009 009 021 021 009 009 021 021 009 009 009 009 009 009 009 009 009 009 009 009 009 009 009 009 009 009 009 009 009 009 009 009 009 009 009 009 009 009 009 009 009 009 021 021 009 009 009 009 009 009 009 009 009 009 009 009 009 009 009 009 009 009 009 009 009 009 009 009 009 009 009 009 009
009 009 009 009 009 021 021 009 009 021 021 009 009 021 021 009 009 009 009 021 021 009 009 021 021 009 009 021 021 021 021 009 009 021 021 009 009 009 009 009 009 009 009 009 009 009 009 009 009 009 009 009 009 009 009 009 009 009 009 009 009 009 009 009 009 009 009 009 009 021 021 009 009 009 009 009 009 009 009 009 009 009 009 009 009 009 009 009 009 009 009 009 009 009 009 009 009 009 009 009
009 021 021 021 021 021 021 009 009 021 021 009 009 021 021 021 021 021 021 021 021 009 009 021 021 009 009 021 021 021 021 009 009 021 021 021 021 021 021 021 021 021 021 021 021 021 021 021 021 021 021 021 021 021 021 021 021 021 021 021 021 021 021 021 021 021 021 009 009 021 021 009 009 009 009 009 009 009 009 009 009 009 009 009 009 009 009 009 009 009 009 009 009 009 009 009 009 009 009 009
009 021 021 021 021 021 021 009 009 021 021 009 009 021 021 021 021 021 021 021 021 009 009 021 021 009 009 009 009 009 009 009 009 009 021 021 021 021 021 021 021 021 021 021 021 021 021 021 021 021 021 021 021 021 021 021 021 021 021 021 021 021 021 021 021 021 021 009 009 021 021 009 009 009 009 009 009 009 009 009 009 009 009 009 009 009 009 009 009 009 009 009 009 009 009 009 009 009 009 009
009 021 021 009 009 009 009 009 009 021 021 009 009 021 021 009 009 009 009 009 009 009 009 021 021 009 009 009 009 009 009 009 009 009 009 009 009 009 009 009 009 009 009 009 009 009 009 009 009 009 009 009 009 009 009 009 009 021 021 009 009 009 009 009 009 009 009 009 009 021 021 009 009 009 009 009 009 009 009 009 009 009 009 009 009 009 009 009 009 009 009 009 009 009 009 009 009 009 009 009
009 021 021 009 009 009 009 009 009 021 021 009 009 021 021 009 009 009 009 009 009 009 009 021 021 009 009 021 021 021 021 021 021 009 009 009 009 009 009 009 009 009 009 009 009 009 009 009 009 009 009 009 009 009 009 009 009 021 021 009 009 009 009 009 009 009 009 009 009 021 021 009 009 009 009 009 009 009 009 009 009 009 009 009 009 009 009 009 009 009 009 009 009 009 009 009 009 009 009 009
009 021 021 021 021 021 021 021 021 021 021 009 009 021 021 021 021 021 021 021 021 009 009 009 009 009 009 021 021 021 021 021 021 009 009 009 009 009 009 009 009 009 009 009 009 009 009 009 009 009 009 009 009 009 009 009 009 021 021 021 021 021 021 009 009 009 009 009 009 021 021 009 009 009 009 009 009 009 009 009 009 009 009 009 009 009 009 009 009 009 009 009 009 009 009 009 009 009 009 009
009 021 021 021 021 021 021 021 021 021 021 009 009 021 021 021 021 021 021 021 021 009 009 009 009 021 021 021 021 009 009 021 021 021 021 009 009 009 009 009 009 009 009 009 009 021 021 021 021 021 021 021 021 021 021 009 009 021 021 021 021 021 021 009 009 009 009 009 009 021 021 009 009 009 009 009 009 009 009 009 009 009 009 009 009 009 009 009 009 009 009 009 009 009 009 009 009 009 009 009
009 009 009 009 009 021 021 009 009 009 009 009 009 009 009 021 021 009 009 021 021 009 009 009 009 021 021 021 021 009 009 021 021 021 021 009 009 009 009 009 009 009 009 009 009 021 021 021 021 021 021 021 021 021 021 009 009 009 009 009 009 021 021 009 009 021 021 021 021 021 021 009 009 009 009 009 009 009 009 009 009 009 009 009 009 009 009 009 009 009 009 009 009 009 009 009 009 009 009 009
009 009 009 009 009 021 021 009 009 021 021 021 021 009 009 021 021 009 009 021 021 009 009 009 009 021 021 009 009 009 009 009 009 021 021 009 009 009 009 009 009 009 009 009 009 021 021 009 009 009 009 009 009 021 021 009 009 009 009 009 009 021 021 009 009 021 021 021 021 021 021 009 009 009 009 009 009 009 009 009 009 009 009 009 009 009 009 009 009 009 009 009 009 009 009 009 009 009 009 009
009 021 021 021 021 021 021 009 009 021 021 021 021 009 009 021 021 009 009 021 021 009 009 009 009 021 021 009 009 009 009 009 009 021 021 009 009 009 009 009 009 009 009 009 009 021 021 009 009 009 009 009 009 021 021 009 009 021 021 021 021 021 021 009 009 021 021 009 009 009 009 009 009 009 009 009 009 009 009 009 009 009 009 009 009 009 009 009 009 009 009 009 009 009 009 009 009 009 009 009
009 021 021 021 021 021 021 009 009 009 009 021 021 009 009 021 021 009 009 021 021 009 009 021 021 021 021 009 009 021 021 021 021 021 021 009 009 009 009 009 009 009 009 009 009 021 021 009 009 009 009 009 009 021 021 009 009 021 021 021 021 021 021 009 009 021 021 009 009 009 009 009 009 009 009 009 009 009 009 009 009 009 009 009 009 009 009 009 009 009 009 009 009 009 009 009 009 009 009 009
009 021 021 009 009 009 009 009 009 009 009 021 021 009 009 021 021 009 009 021 021 009 009 021 021 021 021 009 009 021 021 021 021 021 021 009 009 009 009 009 009 021 021 021 021 021 021 021 021 021 021 009 009 021 021 009 009 021 021 009 009 009 009 009 009 021 021 009 009 009 009 009 009 021 021 021 021 021 021 009 009 021 021 021 021 021 021 009 009 021 021 021 021 021 021 046 009 009 009 009
009 021 021 009 009 009 009 009 009 021 021 021 021 009 009 021 021 009 009 021 021 009 009 009 009 021 021 009 009 021 021 009 009 009 009 009 009 009 009 009 009 021 021 021 021 021 021 021 021 021 021 009 009 021 021 009 009 021 021 009 009 009 009 009 009 021 021 009 009 009 009 009 009 021 021 021 021 021 021 009 009 021 021 021 021 021 021 009 009 021 021 021 021 021 021 046 009 009 009 009
009 021 021 021 021 021 021 009 009 021 021 021 021 009 009 021 021 009 009 021 021 009 009 009 009 021 021 009 009 021 021 009 009 009 009 009 009 009 009 009 009 021 021 009 009 009 009 009 009 009 009 009 009 021 021 021 021 021 021 009 009 009 009 009 009 021 021 009 009 009 009 009 009 021 021 009 009 021 021 009 009 021 021 009 009 021 021 009 009 021 021 009 009 009 009 009 009 009 009 009
009 021 021 021 021 021 021 009 009 021 021 009 009 009 009 009 009 009 009 021 021 009 009 009 009 021 021 009 009 021 021 021 021 021 021 009 009 009 009 009 009 021 021 009 009 009 009 009 009 009 009 009 009 021 021 021 021 021 021 009 009 009 009 009 009 021 021 009 009 009 009 009 009 021 021 009 009 021 021 009 009 021 021 009 009 021 021 009 009 021 021 009 009 009 009 009 009 009 009 009
009 021 021 009 009 009 009 009 009 021 021 009 009 009 009 009 009 009 009 021 021 009 009 009 009 021 021 009 009 021 021 021 021 021 021 009 009 009 009 009 009 021 021 009 009 009 009 009 009 009 009 009 009 009 009 009 009 009 009 009 009 009 009 009 009 021 021 021 021 021 021 021 021 021 021 009 009 021 021 021 021 021 021 009 009 021 021 021 021 021 021 009 009 009 009 009 009 009 009 009
009 021 021 009 009 009 009 009 009 021 021 021 021 021 021 009 009 009 009 021 021 009 009 021 021 021 021 009 009 009 009 009 009 021 021 009 009 009 009 009 009 021 021 021 021 021 021 009 009 009 009 009 009 009 009 009 009 009 009 009 009 009 009 009 009 021 021 021 021 021 021 021 021 021 021 009 009 021 021 021 021 021 021 009 009 021 021 021 021 021 021 009 009 009 009 009 009 009 009 009
009 021 021 021 021 021 021 009 009 021 021 021 021 021 021 009 009 009 009 021 021 009 009 021 021 021 021 009 009 009 009 009 009 021 021 009 009 009 009 009 009 021 021 021 021 021 021 009 009 009 009 009 009 009 009 009 009 009 009 009 009 009 009 009 009 021 021 009 009 021 021 009 009 009 009 009 009 009 009 009 009 009 009 009 009 009 009 009 009 009 009 009 009 009 009 009 009 009 009 009
009 021 021 021 021 021 021 009 009 021 021 009 009 021 021 009 009 009 009 021 021 009 009 009 009 009 009 009 009 009 009 021 021 021 021 009 009 009 009 009 009 009 009 009 009 021 021 009 009 009 009 009 009 009 009 009 009 009 009 009 009 009 009 009 009 021 021 009 009 021 021 009 009 009 009 009 009 009 009 009 009 009 009 009 009 009 009 009 009 009 009 009 009 009 009 009 009 009 009 009
009 009 009 009 009 021 021 009 009 021 021 009 009 021 021 009 009 009 009 021 021 009 009 009 009 009 009 009 009 009 009 021 021 021 021 009 009 009 009 009 009 009 009 009 009 021 021 009 009 009 009 009 009 009 009 009 009 009 009 009 009 009 009 009 009 021 021 009 009 009 009 009 009 009 009 009 009 009 009 009 009 009 009 009 009 009 009 009 009 009 009 009 009 009 009 009 009 009 009 009
009 009 009 009 009 021 021 009 009 021 021 009 009 009 009 009 009 009 009 021 021 009 009 021 021 021 021 021 021 009 009 021 021 009 009 009 009 021 021 021 021 021 021 021 021 021 021 009 009 009 009 009 009 009 009 009 009 009 009 009 009 009 009 009 009 021 021 009 009 009 009 009 009 009 009 009 009 009 009 009 009 009 009 009 009 009 009 009 009 009 009 009 009 009 009 009 009 009 009 009
009 021 021 021 021 021 021 009 009 021 021 009 009 009 009 009 009 009 009 021 021 009 009 021 021 021 021 021 021 009 009 021 021 009 009 009 009 021 021 021 021 021 021 021 021 021 021 009 009 009 009 009 009 009 009 009 009 009 009 009 009 009 009 009 021 021 021 021 009 009 009 009 009 009 009 009 009 009 009 009 009 009 009 009 009 009 009 009 009 009 009 009 009 009 009 009 009 009 009 009
009 021 021 021 021 021 021 009 009 021 021 021 021 021 021 021 021 021 021 021 021 009 009 021 021 009 009 021 021 021 021 021 021 021 021 009 009 021 021 009 009 009 009 009 009 009 009 009 009 009 009 009 009 009 009 009 009 009 009 009 009 009 009 021 021 021 021 021 021 009 009 009 009 009 009 009 009 009 009 009 009 009 009 009 009 009 009 009 009 009 009 009 009 009 009 009 009 009 009 009
009 009 009 009 009 009 009 009 009 021 021 021 021 021 021 021 021 021 021 021 021 009 009 021 021 009 009 021 021 021 021 021 021 021 021 009 009 021 021 009 009 009 009 009 009 009 009 009 009 009 009 009 009 009 009 009 009 009 009 009 009 009 021 021 021 021 021 021 021 021 009 009 009 009 009 009 009 009 009 009 009 009 009 009 009 009 009 009 009 009 009 009 009 009 009 009 009 009 009 009
009 009 009 009 009 009 009 009 009 021 021 009 009 009 009 009 009 009 009 009 009 009 009 021 021 009 009 009 009 009 009 009 009 021 021 009 009 021 021 009 009 021 021 021 021 021 021 009 009 009 009 009 009 009 009 009 009 009 009 009 009 021 021 021 021 021 021 021 021 021 021 009 009 009 009 009 009 009 009 009 009 009 009 009 009 009 009 009 009 009 009 009 009 009 009 009 009 009 009 009
009 021 021 021 021 021 021 009 009 021 021 009 009 009 009 009 009 009 009 009 009 009 009 021 021 009 009 009 009 009 009 009 009 021 021 009 009 021 021 009 009 021 021 021 021 021 021 009 009 009 009 009 009 009 009 009 009 009 009 009 009 021 021 021 021 021 021 021 021 021 021 009 009 009 009 009 009 009 009 009 009 009 009 009 009 009 009 009 009 009 009 009 009 009 009 009 009 009 009 009
009 021 021 021 021 021 021 009 009 021 021 021 021 021 021 021 021 021 021 021 021 021 021 021 021 009 009 021 021 021 021 021 021 021 021 009 009 021 021 021 021 021 021 009 009 021 021 009 009 009 009 009 009 009 009 009 009 009 009 009 021 021 021 021 021 021 021 021 021 021 021 021 009 009 009 009 009 009 009 009 009 009 009 009 009 009 009 009 009 009 009 009 009 009 009 009 009 009 009 009
009 021 021 009 009 021 021 009 009 021 021 021 021 021 021 021 021 021 021 021 021 021 021 021 021 009 009 021 021 021 021 021 021 021 021 009 009 021 021 021 021 021 021 009 009 021 021 009 009 009 009 009 009 009 009 009 009 009 009 009 021 021 021 021 021 021 021 021 021 021 021 021 009 009 009 009 009 009 009 009 009 009 009 009 009 009 009 009 009 009 009 009 009 009 009 009 009 009 009 009
009 021 021 009 009 021 021 009 009 009 009 009 009 009 009 009 009 009 009 009 009 009 009 009 009 009 009 021 021 009 009 009 009 009 009 009 009 009 009 009 009 009 009 009 009 021 021 009 009 009 009 009 009 009 009 009 009 009 009 021 021 021 021 021 021 021 021 021 021 021 021 021 021 009 009 009 009 009 009 009 009 009 009 009 009 009 009 009 009 009 009 009 009 009 009 009 009 009 009 009
009 021 021 009 009 021 021 009 009 009 009 009 009 009 009 009 009 009 009 009 009 009 009 009 009 009 009 021 021 009 009 009 009 009 009 009 009 009 009 009 009 009 009 009 009 021 021 009 009 009 009 009 009 009 009 009 009 009 009 021 021 021 021 021 021 021 021 021 021 021 021 021 021 009 009 009 009 009 009 009 009 009 009 009 009 009 009 009 009 009 009 009 009 009 009 009 009 009 009 009
009 021 021 009 009 021 021 009 009 021 021 021 021 021 021 021 021 021 021 021 021 009 009 021 021 021 021 021 021 009 009 021 021 021 021 021 021 021 021 009 009 021 021 021 021 021 021 009 009 009 009 009 009 009 009 009 009 009 009 021 021 021 021 021 021 021 021 021 021 021 021 021 021 009 009 009 009 009 009 009 009 009 009 009 009 009 009 009 009 009 009 009 009 009 009 009 009 009 009 009
009 021 021 009 009 021 021 009 009 021 021 021 021 021 021 021 021 021 021 021 021 009 009 021 021 021 021 021 021 009 009 021 021 021 021 021 021 021 021 009 009 021 021 021 021 021 021 009 009 009 009 009 009 009 009 009 009 009 009 021 021 021 021 021 021 021 021 021 021 021 021 021 021 009 009 009 009 009 009 009 009 009 009 009 009 009 009 009 009 009 009 009 009 009 009 009 009 009 009 009
009 021 021 009 009 021 021 009 009 021 021 009 009 009 009 009 009 009 009 021 021 009 009 021 021 009 009 009 009 009 009 021 021 009 009 009 009 021 021 009 009 021 021 009 009 009 009 009 009 009 009 009 009 009 009 009 009 009 009 021 021 021 021 021 021 021 021 021 021 021 021 021 021 009 009 009 009 009 009 009 009 009 009 009 009 009 009 009 009 009 009 009 009 009 009 009 009 009 009 009
009 021 021 009 009 021 021 009 009 021 021 009 009 009 009 009 009 009 009 021 021 009 009 021 021 009 009 009 009 009 009 021 021 009 009 009 009 021 021 009 009 021 021 009 009 009 009 009 009 009 009 009 009 009 009 009 009 009 009 021 021 021 021 021 021 021 021 021 021 021 021 021 021 009 009 009 009 009 009 009 009 009 009 009 009 009 009 009 009 009 009 009 009 009 009 009 009 009 009 009
009 021 021 009 009 021 021 009 009 021 021 021 021 009 009 009 009 009 009 021 021 009 009 021 021 009 009 009 009 009 009 021 021 009 009 009 009 021 021 009 009 021 021 021 021 021 021 009 009 009 009 009 009 009 009 009 009 009 009 021 021 021 021 021 021 021 021 021 021 021 021 021 021 009 009 009 009 009 009 009 009 009 009 009 009 009 009 009 009 009 009 009 009 009 009 009 009 009 009 009
009 021 021 009 009 021 021 009 009 021 021 021 021 009 009 009 009 009 009 021 021 009 009 021 021 009 009 009 009 009 009 021 021 009 009 009 009 021 021 009 009 021 021 021 021 021 021 009 009 009 009 009 009 009 009 009 009 009 009 021 021 021 021 021 021 021 021 021 021 021 021 021 021 009 009 009 009 009 009 009 009 009 009 009 009 009 009 009 009 009 009 009 009 009 009 009 009 009 009 009
009 021 021 009 009 009 009 009 009 009 009 021 021 021 021 021 021 009 009 021 021 009 009 021 021 021 021 021 021 021 021 021 021 009 009 009 009 021 021 021 021 021 021 009 009 021 021 009 009 009 009 009 009 009 009 009 009 009 009 021 021 021 021 021 021 021 021 021 021 021 021 021 021 009 009 009 009 009 009 009 009 009 009 009 009 009 009 009 009 009 009 009 009 009 009 009 009 009 009 009
009 021 021 009 009 009 009 009 009 009 009 021 021 021 021 021 021 009 009 021 021 009 009 021 021 021 021 021 021 021 021 021 021 009 009 009 009 021 021 021 021 021 021 009 009 021 021 009 009 009 009 009 009 009 009 009 009 009 009 009 021 021 021 021 021 021 021 021 021 021 021 021 009 009 009 009 009 009 009 009 009 009 009 009 009 009 009 009 009 009 009 009 009 009 009 009 009 009 009 009
009 021 021 021 021 021 021 021 021 009 009 009 009 009 009 021 021 009 009 021 021 009 009 021 021 009 009 009 009 009 009 009 009 009 009 009 009 021 021 009 009 009 009 009 009 009 009 009 009 009 009 009 009 009 009 009 009 009 009 009 021 021 021 021 021 021 021 021 021 021 021 021 009 009 009 009 009 009 009 009 009 009 009 009 009 009 009 009 009 009 009 009 009 009 009 009 009 009 009 009
009 021 021 021 021 021 021 021 021 009 009 009 009 009 009 021 021 009 009 021 021 009 009 021 021 009 009 009 009 009 009 009 009 009 009 009 009 021 021 009 009 009 009 009 009 009 009 009 009 009 009 009 009 009 009 009 009 009 009 009 009 021 021 021 021 021 021 021 021 021 021 009 009 009 009 009 009 009 009 009 009 009 009 009 009 009 009 009 009 009 009 009 009 009 009 009 009 009 009 009
009 021 021 009 009 009 009 021 021 009 009 009 009 009 009 021 021 009 009 021 021 009 009 021 021 009 009 009 009 009 009 009 009 009 009 009 009 009 009 009 009 009 009 009 009 009 009 009 009 009 009 009 009 009 009 009 009 009 009 009 009 021 021 021 021 021 021 021 021 021 021 009 009 009 009 009 009 009 009 009 009 009 009 009 009 009 009 009 009 009 009 009 009 009 009 009 009 009 009 009
009 021 021 009 009 009 009 021 021 009 009 009 009 009 009 021 021 009 009 021 021 009 009 021 021 009 009 009 009 009 009 009 009 009 009 009 009 009 009 009 009 009 009 009 009 009 009 009 009 009 009 009 009 009 009 009 009 009 009 009 009 009 021 021 021 021 021 021 021 021 009 009 009 009 009 009 009 009 009 009 009 009 009 009 009 009 009 009 009 009 009 009 009 009 009 009 009 009 009 009
009 021 021 009 009 021 021 021 021 009 009 009 021 021 021 021 021 009 009 021 021 021 021 021 021 009 009 009 009 009 009 009 009 009 009 009 009 009 009 009 009 009 009 009 009 009 009 009 009 009 009 009 009 009 009 009 009 009 009 009 009 009 009 021 021 021 021 021 021 009 009 009 009 009 009 009 009 009 009 009 009 009 009 009 009 009 009 009 009 009 009 009 009 009 009 009 009 009 009 009
009 021 021 009 009 021 021 021 021 009 009 009 021 021 021 021 021 009 009 021 021 021 021 021 021 009 009 009 009 009 009 009 009 009 009 009 009 009 009 009 009 009 009 009 009 009 009 009 009 009 009 009 009 009 009 009 009 009 009 009 009 009 009 009 021 021 021 021 009 009 009 009 009 009 009 009 009 009 009 009 009 009 009 009 009 009 009 009 009 009 009 009 009 009 009 009 009 009 009 009
009 009 009 009 009 021 021 009 009 009 009 009 021 021 009 009 009 009 009 009 009 009 009 009 009 009 009 009 009 009 009 009 009 009 009 009 009 009 009 009 009 009 009 009 009 009 009 009 009 009 009 009 009 009 009 009 009 009 009 009 009 009 009 009 009 021 021 009 009 009 009 009 009 009 009 009 009 009 009 009 009 009 009 009 009 009 009 009 009 009 009 009 009 009 009 009 009 009 009 009
009 009 009 009 009 021 021 009 009 009 009 009 021 021 009 009 009 009 009 009 009 009 009 009 009 009 009 009 009 009 009 009 009 009 009 009 009 009 009 009 009 009 009 009 009 009 009 009 009 009 009 009 009 009 009 009 009 009 009 009 009 009 009 009 009 021 021 009 009 009 009 009 009 009 009 009 009 009 009 009 009 009 009 009 009 009 009 009 009 009 009 009 009 009 009 009 009 009 009 009
009 021 021 021 021 021 021 021 021 021 021 021 021 021 021 021 021 021 046 009 009 009 009 009 009 009 009 009 009 009 009 009 009 009 009 009 009 009 009 009 009 009 009 009 009 009 009 009 009 009 009 009 009 009 009 009 009 009 009 009 009 009 009 009 009 021 021 009 009 009 009 009 009 009 009 009 009 009 009 009 009 009 009 009 009 009 009 009 009 009 009 009 009 009 009 009 009 009 009 009
009 021 021 021 021 021 021 021 021 021 021 021 021 021 021 021 021 021 046 009 009 009 009 009 009 009 009 009 009 009 009 009 009 009 009 009 009 009 009 009 009 009 009 009 009 009 009 009 009 009 009 009 009 009 009 009 009 009 009 009 009 009 009 009 009 021 021 009 009 009 009 009 009 009 009 009 009 009 009 009 009 009 009 009 009 009 009 009 009 009 009 009 009 009 009 009 009 009 009 009
009 009 009 009 009 009 009 009 009 009 009 009 009 009 009 009 009 009 009 009 009 009 009 009 009 009 009 009 009 009 009 009 009 009 009 009 009 009 009 009 009 009 009 009 009 009 009 009 009 009 009 009 009 009 009 009 009 009 009 009 009 009 009 009 009 009 009 009 009 009 009 009 009 009 009 009 009 009 009 009 009 009 009 009 009 009 009 009 009 009 009 009 009 009 009 009 009 009 009 009