047 047 047 047 047 047 047 047 047 047 047 047 047 047 047 047 047 047 047 047 047 047 047 047 047 047 047 047 047 047 047 047 047 047 047 047 047 047 047 047 047 047 047 047 047 047 047 047 047 047 047 047 047 047 047 047 047 047 047 047 047 047 047 047 047 047 047 047 047 047 047 047 047 047 047 047 047 047 047 047 047 047 047 047 047 047 047 047 047 047 047 047 047 047 047 047 047 047 047 047
000 000 000 000 000 000 000 000 000 000 000 000 000 000 000 000 000 000 000 000 000 000 000 000 000 000 000 000 000 000 000 000 000 000 000 000 000 000 000 000 000 000 000 000 000 000 000 000 000 000 000 000 000 000 000 000 000 000 000 000 000 000 000 000 000 000 000 000 000 000 000 000 000 000 000 046 046 000 000 000 000 000 000 000 000 000 000 000 000 000 000 000 000 000 000 000 000 000 000 000
000 057 057 057 057 057 057 057 057 057 057 057 057 057 057 057 057 057 057 057 057 057 057 000 057 057 057 057 057 057 057 057 057 057 057 057 057 057 057 000 065 065 065 065 065 065 065 065 065 065 065 065 065 065 065 065 065 065 065 065 000 062 062 062 062 000 065 065 065 000 065 065 000 062 062 062 062 062 062 000 064 064 064 064 064 064 064 064 064 000 062 062 062 062 062 062 062 062 062 000
000 057 057 057 057 057 057 057 057 057 057 057 057 057 057 057 057 057 057 057 057 057 057 000 057 057 057 057 057 057 057 057 057 057 057 057 057 057 057 000 065 065 065 065 065 065 065 065 065 065 065 065 065 065 065 065 065 065 065 065 062 062 062 062 062 000 065 065 065 000 065 065 000 062 062 062 062 062 062 000 064 064 064 064 064 064 064 064 064 000 062 062 062 062 062 062 062 062 062 000
000 057 057 057 057 057 057 057 057 057 057 057 057 057 057 057 057 057 057 057 057 057 057 000 057 057 057 057 057 057 057 057 057 057 057 057 057 057 057 000 065 065 065 065 065 065 065 065 065 065 065 065 065 065 065 065 065 065 065 065 062 062 062 062 062 000 065 065 065 000 065 065 065 062 062 062 062 062 062 000 064 064 064 064 064 064 064 064 064 000 062 062 062 062 062 062 062 062 062 000
000 057 057 057 057 057 057 057 057 057 057 057 057 057 057 057 057 057 057 057 057 057 057 000 057 057 057 057 046 057 057 057 057 057 057 057 057 057 057 000 065 065 065 065 065 065 065 065 065 065 065 065 065 065 065 065 065 065 065 065 000 062 062 062 062 000 065 065 065 000 065 065 065 062 062 062 062 062 062 000 064 064 064 064 064 064 064 064 064 000 062 062 062 062 062 062 062 062 062 000
000 057 057 057 057 057 057 057 057 057 057 057 057 057 057 057 057 057 057 057 057 057 057 057 057 057 057 057 057 057 057 057 057 057 057 057 057 057 057 065 065 065 065 065 065 065 065 065 065 065 065 065 065 065 065 065 065 065 065 065 000 062 062 062 062 000 065 065 065 000 065 065 000 062 062 062 062 062 062 064 064 064 064 064 064 064 064 064 064 000 000 000 000 000 062 062 000 000 000 000
000 057 057 057 057 057 057 057 057 057 057 057 057 057 057 057 057 057 057 057 057 057 057 057 057 057 057 057 057 057 057 057 057 057 057 057 057 057 057 065 065 065 065 065 065 065 065 065 065 065 065 065 065 065 065 065 065 065 065 065 000 062 062 000 000 000 000 065 000 000 000 000 000 062 062 062 062 062 062 064 064 064 064 064 064 064 064 064 064 000 000 000 000 000 062 062 000 000 000 000
000 057 057 057 057 057 057 057 057 057 057 057 057 057 057 057 057 057 057 057 057 057 057 000 057 057 057 057 057 057 057 057 057 057 057 057 057 057 057 000 065 065 065 065 065 065 065 065 065 065 065 065 065 065 065 065 065 065 065 065 000 062 062 000 062 062 062 062 062 062 062 062 062 062 062 062 062 062 062 000 064 064 064 064 064 064 064 064 064 000 062 062 062 062 062 062 062 062 062 000
000 057 057 057 057 057 057 057 057 057 057 057 057 057 057 057 057 057 057 057 057 057 057 000 057 057 057 057 057 057 057 057 057 057 057 057 057 057 057 000 065 065 065 065 065 065 065 065 065 065 065 065 065 065 065 065 065 065 065 065 000 062 062 062 062 062 062 062 062 062 062 062 062 062 062 062 062 062 062 000 064 064 064 064 064 064 064 064 064 000 062 062 062 062 062 062 062 062 062 000
000 057 057 057 057 057 057 057 057 057 057 057 057 057 057 057 057 057 057 057 057 057 057 000 057 057 057 057 057 057 057 057 057 057 057 057 057 057 057 000 065 065 065 065 065 065 065 065 065 065 065 065 065 065 065 065 065 065 065 065 000 062 062 062 062 062 062 062 062 062 062 062 062 062 062 062 062 062 062 000 064 064 064 064 064 064 064 064 064 000 066 066 062 062 062 062 062 067 067 000
000 057 057 057 057 057 057 057 057 057 057 057 057 057 057 057 057 057 057 057 057 057 057 000 057 057 057 057 057 057 057 057 057 057 057 057 057 057 057 000 065 065 065 065 065 065 065 065 065 065 065 065 065 065 065 065 065 065 065 065 000 000 000 000 062 062 062 062 062 062 062 062 062 062 062 062 062 062 062 000 064 064 064 064 064 064 064 064 064 000 066 066 062 062 062 062 062 067 067 000
000 057 057 057 057 057 057 057 057 057 057 057 057 057 057 057 057 057 057 057 057 057 057 000 057 057 057 057 057 057 057 057 057 057 057 057 057 057 057 000 065 065 065 065 065 065 065 065 065 065 065 065 065 065 065 065 065 065 065 065 000 062 062 062 062 062 062 062 062 062 062 062 062 062 062 062 062 062 062 000 064 064 064 064 064 064 064 064 064 000 062 062 062 062 062 062 062 062 062 000
000 000 000 000 000 000 000 000 000 000 000 000 000 000 000 000 000 000 000 000 000 000 000 000 000 000 000 000 000 000 000 000 062 062 000 000 000 000 000 000 000 000 000 000 000 000 000 000 000 000 000 000 000 000 000 000 000 065 065 000 000 062 062 062 062 062 062 062 062 062 062 062 062 062 062 062 062 062 062 000 064 064 064 064 064 064 064 064 064 000 068 068 062 062 062 062 062 062 062 000
000 057 057 057 057 057 057 057 057 057 057 057 057 000 065 065 065 065 065 065 065 065 065 000 063 062 062 062 062 062 062 062 062 062 062 062 062 062 062 000 065 065 065 065 065 065 065 065 065 065 065 065 065 065 065 065 065 065 065 065 000 062 062 062 062 062 062 062 062 062 062 062 062 062 062 062 062 062 062 000 064 064 064 064 064 064 064 064 064 000 068 068 062 062 062 062 062 062 062 000
000 057 057 057 057 057 057 057 057 057 057 057 057 000 065 065 065 065 065 065 065 065 065 000 062 062 062 062 062 062 062 062 062 062 062 062 062 062 062 000 065 065 065 065 065 065 065 065 065 065 065 065 065 065 065 065 065 065 065 065 000 063 062 062 062 062 062 062 062 062 062 062 062 062 062 062 062 062 062 000 064 064 064 064 064 064 064 064 064 000 062 062 062 062 062 062 062 062 062 000
000 057 057 057 057 057 057 057 057 057 057 057 057 000 065 065 065 065 065 065 065 065 065 000 062 062 062 062 062 062 062 062 062 062 062 062 062 062 062 000 065 065 065 065 065 065 065 065 065 065 065 065 065 065 065 065 065 065 065 065 000 000 000 000 000 000 000 000 000 000 000 000 000 000 000 062 062 000 000 000 000 000 000 000 000 000 000 000 000 000 062 062 062 062 062 062 062 062 062 000
000 057 057 057 057 057 057 057 057 057 057 057 057 000 065 065 065 065 065 065 065 065 065 000 062 062 062 062 062 062 062 062 062 062 062 062 062 062 062 000 065 065 065 065 065 065 065 065 065 065 065 065 065 065 065 065 065 065 065 065 000 062 062 062 062 062 062 062 062 062 062 062 062 062 062 062 062 062 062 000 062 062 062 062 062 062 062 062 062 000 062 062 062 062 062 062 062 062 062 000
000 057 057 057 057 057 057 057 057 057 057 057 057 000 065 065 065 065 065 065 065 065 065 000 062 062 062 062 062 062 062 062 062 062 062 062 062 062 062 000 065 065 065 065 065 065 065 065 065 065 065 065 065 065 065 065 065 065 065 065 000 062 062 062 062 062 062 062 062 062 062 062 062 062 062 062 062 062 062 000 062 062 062 062 062 062 062 062 062 000 062 062 062 062 062 062 062 062 062 000
000 057 057 057 057 057 057 057 057 057 057 057 057 000 065 065 065 065 065 065 065 065 065 000 062 062 062 062 062 062 062 062 062 062 062 062 062 062 062 000 065 065 065 065 065 065 065 065 065 065 065 065 065 065 065 065 065 065 065 065 000 062 062 062 062 062 062 062 062 062 062 062 062 062 062 062 062 062 062 000 062 062 062 062 062 062 062 062 062 000 062 062 062 062 062 062 062 062 062 000
000 057 057 057 057 057 057 057 057 057 057 057 057 000 000 000 000 000 000 065 065 000 000 000 062 062 062 062 062 062 062 062 062 062 062 062 062 062 062 000 065 065 065 065 065 065 065 065 065 065 065 065 065 065 065 065 065 065 065 065 000 062 062 062 062 062 062 062 062 062 062 062 062 062 062 062 062 062 062 000 062 062 062 062 062 062 062 062 062 000 062 062 062 062 062 062 062 062 062 000
000 057 057 057 057 057 057 057 057 057 057 057 057 057 057 057 057 057 057 057 057 057 057 000 062 062 062 062 062 062 062 062 062 062 062 062 062 062 062 000 065 065 065 065 065 065 065 065 065 065 065 065 065 065 065 065 065 065 065 065 000 062 062 062 062 062 062 062 062 062 062 062 062 062 062 062 062 062 062 000 062 062 062 062 062 062 062 062 062 000 062 062 062 062 062 062 062 062 062 000
000 057 057 057 057 057 057 057 057 057 057 057 057 057 057 057 057 057 057 057 057 057 057 000 062 062 062 062 062 062 062 062 062 062 062 062 062 062 062 000 065 065 065 065 065 065 065 065 065 065 065 065 065 065 065 065 065 065 065 065 000 062 062 062 062 062 062 062 062 062 062 062 062 062 062 062 062 062 062 000 062 062 062 062 062 062 062 062 062 000 062 062 062 062 062 062 062 062 062 000
000 057 057 057 057 057 057 057 057 057 057 057 057 057 057 057 057 057 057 057 057 057 057 000 062 062 062 062 062 062 062 062 062 062 062 062 062 062 062 000 065 065 065 065 065 065 065 065 065 065 065 065 065 065 065 065 065 065 065 065 000 062 062 062 062 062 062 062 062 062 062 062 062 062 062 062 062 062 062 000 062 062 062 062 062 062 062 062 062 000 062 062 062 062 062 062 062 062 062 000
000 057 057 057 057 057 057 057 057 057 057 057 057 057 057 057 057 057 057 057 057 057 057 000 062 062 062 062 062 062 062 062 062 062 062 062 062 062 062 000 065 065 065 065 065 065 065 065 065 065 065 065 065 065 065 065 065 065 065 065 000 062 062 062 062 062 062 062 062 062 062 062 062 062 062 062 062 062 062 000 062 062 062 062 062 062 062 062 062 000 062 062 062 062 062 062 062 062 062 000
000 057 057 057 057 057 057 057 057 057 057 057 057 057 057 057 057 057 057 057 057 057 057 062 062 062 062 062 062 062 062 062 062 062 062 062 062 062 062 065 065 065 065 065 065 065 065 065 065 065 065 065 065 065 065 065 065 065 065 065 062 062 062 062 062 062 062 062 062 062 062 062 062 062 062 062 062 062 062 000 062 062 062 062 062 062 062 062 062 000 062 062 062 062 062 062 062 062 062 000
000 057 057 057 057 046 057 057 057 057 057 057 057 057 057 057 057 057 057 057 057 057 057 062 062 062 062 062 062 062 062 062 062 062 062 062 062 062 062 065 065 065 065 065 065 065 065 065 065 065 065 065 065 065 065 065 065 065 065 065 062 062 062 062 062 062 062 062 062 062 062 062 062 062 062 062 062 062 062 062 062 062 062 062 062 062 062 062 062 062 062 062 062 062 062 062 062 062 062 000
000 057 057 057 057 057 057 057 057 057 057 057 057 057 057 057 057 057 057 057 057 057 057 000 062 062 062 062 062 062 062 062 062 062 062 062 062 062 062 000 065 065 065 065 065 065 065 065 065 065 065 065 065 065 065 065 065 065 065 065 000 062 062 062 062 062 062 062 062 062 062 062 062 062 062 062 062 062 062 062 062 062 062 062 062 062 062 062 062 062 062 062 062 062 062 062 062 062 062 000
000 057 057 057 057 057 057 057 057 057 057 057 057 057 057 057 057 057 057 057 057 057 057 000 062 062 062 062 062 062 062 062 062 062 062 062 062 062 062 000 065 065 065 065 065 065 065 065 065 065 065 065 065 065 065 065 065 065 065 065 000 062 062 062 062 062 062 062 062 062 062 062 062 062 062 062 062 062 062 000 062 062 062 062 062 062 062 062 062 000 062 062 062 062 062 062 062 062 062 000
000 000 000 000 000 000 000 000 000 000 000 000 000 000 000 000 000 000 000 000 000 000 000 000 000 000 000 000 000 046 046 000 000 000 000 000 000 000 000 000 000 000 000 000 000 000 000 000 000 000 000 000 000 000 000 000 000 000 000 000 000 000 000 000 000 000 000 000 000 000 000 000 000 000 000 046 000 000 000 000 000 000 000 000 000 000 000 000 000 000 000 000 000 000 046 000 000 000 000 000
047 047 047 047 047 047 047 047 047 047 047 047 047 047 047 047 047 047 047 047 047 047 047 047 047 047 047 047 047 047 047 047 047 047 047 047 047 047 047 047 047 047 047 047 047 047 047 047 047 047 047 047 047 047 047 047 047 047 047 047 047 047 047 047 047 047 047 047 047 047 047 047 047 047 047 047 047 047 047 047 047 047 047 047 047 047 047 047 047 047 047 047 047 047 047 047 047 047 047 047
047 047 047 047 047 047 047 047 047 047 047 047 047 047 047 047 047 047 047 047 047 047 047 047 047 047 047 047 047 047 047 047 047 047 047 047 047 047 047 047 047 047 047 047 047 047 047 047 047 047 047 047 047 047 047 047 047 047 047 047 047 047 047 047 047 047 047 047 047 047 047 047 047 047 047 047 047 047 047 047 047 047 047 047 047 047 047 047 047 047 047 047 047 047 047 047 047 047 047 047
047 047 047 047 047 047 047 047 047 047 047 047 047 047 047 047 047 047 047 047 047 047 047 047 047 047 047 047 047 047 047 047 047 047 047 047 047 047 047 047 047 047 047 047 047 047 047 047 047 047 047 047 047 047 047 047 047 047 047 047 047 047 047 047 047 047 047 047 047 047 047 047 047 047 047 047 047 047 047 047 047 047 047 047 047 047 047 047 047 047 047 047 047 047 047 047 047 047 047 047
047 047 047 047 047 047 047 047 047 047 047 047 047 047 047 047 047 047 047 047 047 047 047 047 047 047 047 047 047 047 047 047 047 047 047 047 047 047 047 047 047 047 047 047 047 047 047 047 047 047 047 047 047 047 047 047 047 047 047 047 047 047 047 047 047 047 047 047 047 047 047 047 047 047 047 047 047 047 047 047 047 047 047 047 047 047 047 047 047 047 047 047 047 047 047 047 047 047 047 047
047 047 047 047 047 047 047 047 047 047 047 047 047 047 047 047 047 047 047 047 047 047 047 047 047 047 047 047 047 047 047 047 047 047 047 047 047 047 047 047 047 047 047 047 047 047 047 047 047 047 047 047 047 047 047 047 047 047 047 047 047 047 047 047 047 047 047 047 047 047 047 047 047 047 047 047 047 047 047 047 047 047 047 047 047 047 047 047 047 047 047 047 047 047 047 047 047 047 047 047
047 047 047 047 047 047 047 047 047 047 047 047 047 047 047 047 047 047 047 047 047 047 047 047 047 047 047 047 047 047 047 047 047 047 047 047 047 047 047 047 047 047 047 047 047 047 047 047 047 047 047 047 047 047 047 047 047 047 047 047 047 047 047 047 047 047 047 047 047 047 047 047 047 047 047 047 047 047 047 047 047 047 047 047 047 047 047 047 047 047 047 047 047 047 047 047 047 047 047 047
047 047 047 047 047 047 047 047 047 047 047 047 047 047 047 047 047 047 047 047 047 047 047 047 047 047 047 047 047 047 047 047 047 047 047 047 047 047 047 047 047 047 047 047 047 047 047 047 047 047 047 047 047 047 047 047 047 047 047 047 047 047 047 047 047 047 047 047 047 047 047 047 047 047 047 047 047 047 047 047 047 047 047 047 047 047 047 047 047 047 047 047 047 047 047 047 047 047 047 047
047 047 047 047 047 047 047 047 047 047 047 047 047 047 047 047 047 047 047 047 047 047 047 047 047 047 047 047 047 047 047 047 047 047 047 047 047 047 047 047 047 047 047 047 047 047 047 047 047 047 047 047 047 047 047 047 047 047 047 047 047 047 047 047 047 047 047 047 047 047 047 047 047 047 047 047 047 047 047 047 047 047 047 047 047 047 047 047 047 047 047 047 047 047 047 047 047 047 047 047
047 047 047 047 047 047 047 047 047 047 047 047 047 047 047 047 047 047 047 047 047 047 047 047 047 047 047 047 047 047 047 047 047 047 047 047 047 047 047 047 047 047 047 047 047 047 047 047 047 047 047 047 047 047 047 047 047 047 047 047 047 047 047 047 047 047 047 047 047 047 047 047 047 047 047 047 047 047 047 047 047 047 047 047 047 047 047 047 047 047 047 047 047 047 047 047 047 047 047 047
047 047 047 047 047 047 047 047 047 047 047 047 047 047 047 047 047 047 047 047 047 047 047 047 047 047 047 047 047 047 047 047 047 047 047 047 047 047 047 047 047 047 047 047 047 047 047 047 047 047 047 047 047 047 047 047 047 047 047 047 047 047 047 047 047 047 047 047 047 047 047 047 047 047 047 047 047 047 047 047 047 047 047 047 047 047 047 047 047 047 047 047 047 047 047 047 047 047 047 047
000 000 000 000 000 000 000 000 000 000 000 000 000 000 000 000 000 000 000 000 000 000 000 000 000 000 000 000 000 000 000 000 000 000 000 000 000 000 000 000 000 000 000 000 000 000 000 000 000 000 000 000 000 000 000 000 000 000 000 000 000 000 000 000 000 000 000 000 000 000 000 000 000 000 000 000 000 000 000 000 000 000 000 000 000 000 000 000 000 000 000 000 000 000 000 000 000 000 000 000
000 057 057 057 057 057 057 057 057 057 057 057 057 057 057 057 057 057 057 057 057 057 000 057 057 057 057 057 057 057 057 057 057 057 057 000 057 057 057 057 057 057 057 057 057 057 057 057 057 057 057 057 057 000 064 064 064 064 064 000 057 057 057 000 057 057 057 000 057 057 057 057 057 057 057 057 057 057 057 057 057 057 057 057 057 057 000 057 057 057 057 057 057 057 057 057 057 057 057 000
000 057 057 057 057 057 057 057 057 057 057 057 057 057 057 057 057 057 057 057 057 057 000 057 057 057 057 057 057 057 057 057 057 057 057 057 057 057 057 057 057 057 057 057 057 057 057 057 057 057 057 057 057 057 064 064 064 064 064 000 057 057 057 000 057 057 057 057 057 057 057 057 057 057 057 057 057 057 057 057 057 057 057 057 057 057 000 057 057 057 057 057 057 057 057 057 057 057 057 000
000 057 057 057 057 057 057 057 057 057 057 057 057 057 057 057 057 057 057 057 057 057 000 057 057 057 057 057 057 057 057 057 057 057 057 057 057 057 057 057 057 057 057 057 057 057 057 057 057 057 057 057 057 057 064 064 064 064 064 000 057 057 057 000 057 057 057 000 057 057 057 057 057 057 057 057 057 057 057 057 057 057 057 057 057 057 000 057 057 057 057 057 057 057 057 057 057 057 057 000
000 057 057 057 057 057 057 057 057 057 057 057 057 057 057 057 057 057 057 057 057 057 000 057 057 057 057 057 057 057 057 057 057 057 057 000 057 057 057 057 057 057 057 057 057 057 057 057 057 057 057 057 057 000 064 064 064 064 064 000 000 057 000 000 000 000 000 000 057 057 057 057 057 057 057 057 057 057 057 057 057 057 057 057 057 057 000 057 057 057 057 057 057 057 057 057 057 057 057 000
000 057 057 057 057 057 057 057 057 057 057 057 057 057 057 057 057 057 057 057 057 057 000 057 057 057 057 057 057 057 057 057 057 057 057 000 057 057 057 057 057 057 057 057 057 057 057 057 057 057 057 057 057 000 064 064 064 064 064 057 057 057 057 057 057 057 057 000 057 057 057 057 057 057 057 057 057 057 057 057 057 057 057 057 057 057 000 057 057 057 057 057 057 057 057 057 057 057 057 000
000 057 057 057 057 057 057 057 057 057 057 057 057 057 057 057 057 057 057 057 057 057 000 057 057 057 057 057 057 057 057 057 057 057 057 000 057 057 057 057 057 057 057 057 057 057 057 057 057 057 057 057 057 000 064 064 064 064 064 057 057 057 057 057 057 057 057 000 057 057 057 057 057 057 057 057 057 057 057 057 057 057 057 057 057 057 000 057 057 057 057 057 057 057 057 057 057 057 057 000
000 057 057 057 057 057 057 057 057 057 057 057 057 057 057 057 057 057 057 057 057 057 000 057 057 057 057 057 057 057 057 057 057 057 057 000 057 057 057 057 057 057 057 057 057 057 057 057 057 057 057 057 057 000 064 064 064 064 064 000 057 057 057 057 057 057 057 057 057 057 057 057 057 057 057 057 057 057 057 057 057 057 057 057 057 057 000 057 057 057 057 057 057 057 057 057 057 057 057 000
000 057 057 057 057 057 057 057 057 057 057 057 057 057 057 057 057 057 057 057 057 057 000 057 057 057 057 057 057 057 057 057 057 057 057 000 057 057 057 057 057 057 057 057 057 057 057 057 057 057 057 057 057 000 000 000 000 000 000 000 057 057 057 057 057 057 057 057 057 057 057 057 057 057 057 057 057 057 057 057 057 057 057 057 057 057 000 057 057 057 057 057 057 057 057 057 057 057 057 000
000 057 057 057 057 057 057 057 057 057 057 057 057 057 057 057 057 057 057 057 057 057 000 057 057 057 057 057 057 057 057 057 057 057 057 000 057 057 057 057 057 057 057 057 057 057 057 057 057 057 057 057 057 000 059 057 057 057 057 057 057 057 057 057 057 057 057 000 057 057 057 057 057 057 057 057 057 057 057 057 057 057 057 057 057 057 000 057 057 057 057 057 057 057 057 057 057 057 057 000
000 057 057 057 057 057 057 057 057 057 057 057 057 057 057 057 057 057 057 057 057 057 000 057 057 057 057 057 057 057 057 057 057 057 057 000 057 057 057 057 057 057 057 057 057 057 057 057 057 057 057 057 057 000 057 057 057 057 057 057 057 057 057 057 057 057 057 000 057 057 057 057 057 057 057 057 057 057 057 057 057 057 057 057 057 057 000 057 057 057 057 057 057 057 057 057 057 057 057 000
000 057 057 057 057 057 057 057 057 057 057 057 057 057 057 057 057 057 057 057 057 057 000 057 057 057 057 057 057 057 057 057 057 057 057 000 057 057 057 057 057 057 057 057 057 057 057 057 057 057 057 057 057 000 057 057 057 057 057 057 057 057 057 057 057 057 057 000 057 057 057 057 057 057 057 057 057 057 057 057 057 057 057 057 057 057 000 057 057 057 057 057 057 057 057 057 057 057 057 000
000 057 057 057 057 057 057 057 057 057 057 057 057 057 057 057 057 057 057 057 057 057 000 057 057 057 057 057 057 057 057 057 057 057 057 000 057 057 057 057 057 057 057 057 057 057 057 057 057 057 057 057 057 000 057 057 057 057 057 057 057 057 057 057 057 057 057 000 000 000 000 000 000 000 000 000 000 000 000 000 000 000 000 000 000 000 000 000 000 057 000 000 000 000 000 000 000 057 000 000
000 057 057 057 057 057 057 057 057 057 057 057 057 057 057 057 057 057 057 057 057 057 000 000 000 000 057 057 000 000 000 000 000 000 000 000 000 000 000 000 000 000 000 057 057 000 000 000 000 000 000 000 000 000 058 057 057 057 057 057 057 057 057 057 057 057 057 057 057 057 057 057 057 057 057 057 057 057 057 057 057 057 057 057 057 057 057 057 057 057 057 000 065 065 065 065 065 065 065 000
000 057 057 057 057 057 057 057 057 057 057 057 057 057 057 057 057 057 057 057 057 057 000 059 057 057 057 057 057 057 057 057 057 057 057 057 057 057 057 057 057 057 057 057 057 057 057 057 057 057 057 057 057 057 057 057 057 057 057 057 057 057 057 057 057 057 057 057 057 057 057 057 057 057 057 057 057 057 057 057 057 057 057 057 057 057 057 057 057 057 057 065 065 065 065 065 065 065 065 000
000 000 000 000 000 000 000 057 057 000 000 000 000 000 000 000 000 000 000 000 000 000 000 057 057 057 057 057 057 057 057 057 057 057 057 057 057 057 057 057 057 057 057 057 057 057 057 057 057 057 057 057 057 057 057 057 057 057 057 057 057 057 057 057 057 057 057 057 057 057 057 057 057 057 057 057 057 057 057 057 057 057 057 057 057 057 057 057 057 057 057 065 065 065 065 065 065 065 065 000
000 065 065 065 065 000 057 057 057 057 057 057 057 057 057 057 057 057 057 057 057 057 000 057 057 057 057 057 057 057 057 057 057 057 057 057 057 057 057 057 057 057 057 057 057 057 057 057 057 057 057 057 057 057 057 057 057 057 057 057 057 057 057 057 057 057 057 057 057 057 057 057 057 057 057 057 057 057 057 057 057 057 057 057 057 057 057 057 057 057 057 000 065 065 065 065 065 065 065 000
000 065 065 065 065 000 057 057 057 057 057 057 057 057 057 057 057 057 057 057 057 057 000 057 057 057 057 057 057 057 057 057 057 057 057 057 057 057 057 057 057 057 057 057 057 057 057 057 057 057 057 057 057 057 057 057 057 057 057 057 057 057 057 057 057 057 057 057 057 057 057 057 057 057 057 057 057 057 057 057 057 057 057 057 057 057 057 057 057 057 057 000 065 065 065 065 065 065 065 000
000 065 065 065 065 000 057 057 057 057 057 057 057 057 057 057 057 057 057 057 057 057 000 057 057 057 057 057 057 000 000 000 000 000 000 000 000 000 000 000 000 000 000 057 057 000 000 000 000 000 000 000 000 000 000 000 057 057 000 000 000 000 000 000 000 057 057 000 000 000 000 000 000 000 000 000 000 000 000 057 057 000 000 000 000 000 000 000 057 057 057 000 065 065 065 065 065 065 065 000
000 065 065 065 065 000 057 057 057 057 057 057 057 057 057 057 057 057 057 057 057 057 000 057 057 057 057 057 057 000 057 057 057 057 057 057 057 057 057 057 057 000 057 057 057 057 057 057 057 057 057 057 000 057 057 057 057 057 057 057 000 062 062 062 062 062 062 062 062 062 062 000 057 057 057 057 057 057 057 057 057 057 057 057 057 057 057 000 057 057 057 000 065 065 065 065 065 065 065 000
000 065 065 065 065 000 057 057 057 057 057 057 057 057 057 057 057 057 057 057 057 057 000 057 057 057 057 057 057 000 057 057 057 057 057 057 057 057 057 057 057 000 057 057 057 057 057 057 057 057 057 057 000 057 057 057 057 057 057 057 000 062 062 062 062 062 062 062 062 062 062 000 057 057 057 057 057 057 057 057 057 057 057 057 057 057 057 000 000 057 000 000 000 000 000 000 000 000 000 000
000 065 065 065 065 057 057 057 057 057 057 057 057 057 057 057 057 057 057 057 057 057 000 057 057 057 057 057 057 000 057 057 057 057 057 057 057 057 057 057 057 000 057 057 057 057 057 057 057 057 057 057 000 057 057 057 057 057 057 057 000 062 062 062 062 062 062 062 062 062 062 000 057 057 057 057 057 057 057 057 057 057 057 057 057 057 057 000 057 057 057 057 057 057 057 057 057 057 057 000
000 065 065 065 065 057 057 057 057 057 057 057 057 057 057 057 057 057 057 057 057 057 000 057 057 057 057 057 057 000 057 057 057 057 057 057 057 057 057 057 057 000 057 057 057 057 057 057 057 057 057 057 000 057 057 057 057 057 057 057 000 062 062 062 062 062 062 062 062 062 062 000 057 057 057 057 057 057 057 057 057 057 057 057 057 057 057 000 057 057 057 057 057 057 057 057 057 057 057 000
000 065 065 065 065 000 057 057 057 057 057 057 057 057 057 057 057 057 057 057 057 057 000 057 057 057 057 057 057 000 057 057 057 057 057 057 057 057 057 057 057 000 057 057 057 057 057 057 057 057 057 057 000 057 057 057 057 057 057 057 000 062 062 062 062 062 062 062 062 062 062 000 057 057 057 057 057 057 057 057 057 057 057 057 057 057 057 000 057 057 057 057 057 057 057 057 057 057 057 000
000 065 065 065 065 000 057 057 057 057 057 057 057 057 057 057 057 057 057 057 057 057 000 057 057 057 057 057 057 000 057 057 057 057 057 057 057 057 057 057 057 000 057 057 057 057 057 057 057 057 057 057 000 057 057 057 057 057 057 057 000 062 062 062 062 062 062 062 062 062 062 000 057 057 057 057 057 057 057 057 057 057 057 057 057 057 057 000 057 057 057 057 057 057 057 057 057 057 057 000
000 065 065 065 065 000 057 057 057 057 057 057 057 057 057 057 057 057 057 057 057 057 057 057 057 057 057 057 057 057 057 057 057 057 057 057 057 057 057 057 057 000 057 057 057 057 057 057 057 057 057 057 057 057 057 057 057 057 057 057 000 062 062 062 062 062 062 062 062 062 062 000 057 057 057 057 057 057 057 057 057 057 057 057 057 057 057 000 057 057 057 057 057 057 057 057 057 057 057 000
000 065 065 065 065 000 057 057 057 057 057 057 057 057 057 057 057 057 057 057 057 057 057 057 057 057 057 057 057 057 057 057 057 057 057 057 057 057 057 057 057 000 057 057 057 057 057 057 057 057 057 057 057 057 057 057 057 057 057 057 000 062 062 062 062 062 062 062 062 062 062 000 057 057 057 057 057 057 057 057 057 057 057 057 057 057 057 000 057 057 057 057 057 057 057 057 057 057 057 000
000 065 065 065 065 000 057 057 057 057 057 057 057 057 057 057 057 057 057 057 057 057 000 057 057 057 057 057 057 000 057 057 057 057 057 057 057 057 057 057 057 000 057 057 057 057 057 057 057 057 057 057 000 057 057 057 057 057 057 057 000 062 062 062 062 062 062 062 062 062 062 000 057 057 057 057 057 057 057 057 057 057 057 057 057 057 057 000 057 057 057 057 057 057 057 057 057 057 057 000
000 000 000 000 000 000 000 000 000 000 000 000 000 000 000 000 000 000 000 000 000 000 000 000 000 000 000 000 000 000 000 000 000 000 000 000 000 000 000 000 000 000 000 000 000 000 000 000 000 000 000 000 000 000 000 000 000 000 000 000 000 000 000 000 000 000 000 000 000 000 000 000 000 000 000 000 000 000 000 000 000 000 000 000 000 000 000 000 000 000 000 000 000 000 000 000 000 000 000 000
047 047 047 047 047 047 047 047 047 047 047 047 047 047 047 047 047 047 047 047 047 047 047 047 047 047 047 047 047 047 047 047 047 047 047 047 047 047 047 047 047 047 047 047 047 047 047 047 047 047 047 047 047 047 047 047 047 047 047 047 047 047 047 047 047 047 047 047 047 047 047 047 047 047 047 047 047 047 047 047 047 047 047 047 047 047 047 047 047 047 047 047 047 047 047 047 047 047 047 047
047 047 047 047 047 047 047 047 047 047 047 047 047 047 047 047 047 047 047 047 047 047 047 047 047 047 047 047 047 047 047 047 047 047 047 047 047 047 047 047 047 047 047 047 047 047 047 047 047 047 047 047 047 047 047 047 047 047 047 047 047 047 047 047 047 047 047 047 047 047 047 047 047 047 047 047 047 047 047 047 047 047 047 047 047 047 047 047 047 047 047 047 047 047 047 047 047 047 047 047
047 047 047 047 047 047 047 047 047 047 047 047 047 047 047 047 047 047 047 047 047 047 047 047 047 047 047 047 047 047 047 047 047 047 047 047 047 047 047 047 047 047 047 047 047 047 047 047 047 047 047 047 047 047 047 047 047 047 047 047 047 047 047 047 047 047 047 047 047 047 047 047 047 047 047 047 047 047 047 047 047 047 047 047 047 047 047 047 047 047 047 047 047 047 047 047 047 047 047 047
047 047 047 047 047 047 047 047 047 047 047 047 047 047 047 047 047 047 047 047 047 047 047 047 047 047 047 047 047 047 047 047 047 047 047 047 047 047 047 047 047 047 047 047 047 047 047 047 047 047 047 047 047 047 047 047 047 047 047 047 047 047 047 047 047 047 047 047 047 047 047 047 047 047 047 047 047 047 047 047 047 047 047 047 047 047 047 047 047 047 047 047 047 047 047 047 047 047 047 047
047 047 047 047 047 047 047 047 047 047 047 047 047 047 047 047 047 047 047 047 047 047 047 047 047 047 047 047 047 047 047 047 047 047 047 047 047 047 047 047 047 047 047 047 047 047 047 047 047 047 047 047 047 047 047 047 047 047 047 047 047 047 047 047 047 047 047 047 047 047 047 047 047 047 047 047 047 047 047 047 047 047 047 047 047 047 047 047 047 047 047 047 047 047 047 047 047 047 047 047
047 047 047 047 047 047 047 047 047 047 047 047 047 047 047 047 047 047 047 047 047 047 047 047 047 047 047 047 047 047 047 047 047 047 047 047 047 047 047 047 047 047 047 047 047 047 047 047 047 047 047 047 047 047 047 047 047 047 047 047 047 047 047 047 047 047 047 047 047 047 047 047 047 047 047 047 047 047 047 047 047 047 047 047 047 047 047 047 047 047 047 047 047 047 047 047 047 047 047 047
047 047 047 047 047 047 047 047 047 047 047 047 047 047 047 047 047 047 047 047 047 047 047 047 047 047 047 047 047 047 047 047 047 047 047 047 047 047 047 047 047 047 047 047 047 047 047 047 047 047 047 047 047 047 047 047 047 047 047 047 047 047 047 047 047 047 047 047 047 047 047 047 047 047 047 047 047 047 047 047 047 047 047 047 047 047 047 047 047 047 047 047 047 047 047 047 047 047 047 047
047 047 047 047 047 047 047 047 047 047 047 047 047 047 047 047 047 047 047 047 047 047 047 047 047 047 047 047 047 047 047 047 047 047 047 047 047 047 047 047 047 047 047 047 047 047 047 047 047 047 047 047 047 047 047 047 047 047 047 047 047 047 047 047 047 047 047 047 047 047 047 047 047 047 047 047 047 047 047 047 047 047 047 047 047 047 047 047 047 047 047 047 047 047 047 047 047 047 047 047
047 047 047 047 047 047 047 047 047 047 047 047 047 047 047 047 047 047 047 047 047 047 047 047 047 047 047 047 047 047 047 047 047 047 047 047 047 047 047 047 047 047 047 047 047 047 047 047 047 047 047 047 047 047 047 047 047 047 047 047 047 047 047 047 047 047 047 047 047 047 047 047 047 047 047 047 047 047 047 047 047 047 047 047 047 047 047 047 047 047 047 047 047 047 047 047 047 047 047 047
047 047 047 047 047 047 047 047 047 047 047 047 047 047 047 047 047 047 047 047 047 047 047 047 047 047 047 047 047 047 047 047 047 047 047 047 047 047 047 047 047 047 047 047 047 047 047 047 047 047 047 047 047 047 047 047 047 047 047 047 047 047 047 047 047 047 047 047 047 047 047 047 047 047 047 047 047 047 047 047 047 047 047 047 047 047 047 047 047 047 047 047 047 047 047 047 047 047 047 047
000 000 000 000 000 000 000 000 000 000 000 000 000 000 000 000 000 000 000 000 000 000 000 000 000 000 000 000 000 000 000 000 000 000 000 000 000 000 000 000 000 000 000 000 000 000 000 000 000 000 000 000 000 047 047 047 047 047 047 047 047 047 047 047 047 047 047 047 047 047 047 047 047 047 047 047 047 047 047 047 047 047 047 047 047 047 047 047 047 047 047 047 047 047 047 047 047 047 047 047
000 057 057 057 057 057 057 057 057 057 057 057 057 000 057 057 057 057 057 057 057 057 057 057 057 057 057 057 057 057 000 057 057 057 057 057 057 057 057 057 057 057 057 057 057 057 057 057 057 057 057 057 000 047 047 047 047 047 047 047 047 047 047 047 047 047 047 047 047 047 047 047 047 047 047 047 047 047 047 047 047 047 047 047 047 047 047 047 047 047 047 047 047 047 047 047 047 047 047 047
000 057 057 057 057 057 057 057 057 057 057 057 057 000 057 057 057 057 057 057 057 057 057 057 057 057 057 057 057 057 000 057 057 057 057 057 057 057 057 057 057 057 057 057 057 057 057 057 057 057 057 057 000 047 047 047 047 047 047 047 047 047 047 047 047 047 047 047 047 047 047 047 047 047 047 047 047 047 047 047 047 047 047 047 047 047 047 047 047 047 047 047 047 047 047 047 047 047 047 047
000 057 057 057 057 057 057 057 057 057 057 057 057 000 057 057 057 057 057 057 057 057 057 057 057 057 057 057 057 057 000 057 057 057 057 057 057 057 057 057 057 057 057 057 057 057 057 057 057 057 057 057 000 047 047 047 047 047 047 047 047 047 047 047 047 047 047 047 047 047 047 047 047 047 047 047 047 047 047 047 047 047 047 047 047 047 047 047 047 047 047 047 047 047 047 047 047 047 047 047
000 057 057 057 057 057 057 057 057 057 057 057 057 000 057 057 057 057 057 057 057 057 057 057 057 057 057 057 057 057 000 057 057 057 057 057 057 057 057 057 057 057 057 057 057 057 057 057 057 057 057 057 000 047 047 047 047 047 047 047 047 047 047 047 047 047 047 047 047 047 047 047 047 047 047 047 047 047 047 047 047 047 047 047 047 047 047 047 047 047 047 047 047 047 047 047 047 047 047 047
000 057 057 057 057 057 057 057 057 057 057 057 057 000 057 057 057 057 057 057 057 057 057 057 057 057 057 057 057 057 000 057 057 057 057 057 057 057 057 057 057 057 057 057 057 057 057 057 057 057 057 057 000 047 047 047 047 047 047 047 047 047 047 047 047 047 047 047 047 047 047 047 047 047 047 047 047 047 047 047 047 047 047 047 047 047 047 047 047 047 047 047 047 047 047 047 047 047 047 047
000 057 057 057 057 057 057 057 057 057 057 057 057 000 057 057 057 057 057 057 057 057 057 057 057 057 057 057 057 057 000 057 057 057 057 057 057 057 057 057 057 057 057 057 057 057 057 057 057 057 057 057 000 047 047 047 047 047 047 047 047 047 047 047 047 047 047 047 047 047 047 047 047 047 047 047 047 047 047 047 047 047 047 047 047 047 047 047 047 047 047 047 047 047 047 047 047 047 047 047
000 000 000 000 000 000 057 057 057 057 057 057 057 000 057 057 057 057 057 057 057 057 057 057 057 057 057 057 057 057 000 057 057 057 057 057 057 057 057 057 057 057 057 057 057 057 057 057 057 057 057 057 000 047 047 047 047 047 047 047 047 047 047 047 047 047 047 047 047 047 047 047 047 047 047 047 047 047 047 047 047 047 047 047 047 047 047 047 047 047 047 047 047 047 047 047 047 047 047 047
000 065 065 065 065 000 000 057 057 000 000 000 000 000 000 000 000 000 000 000 000 057 057 000 000 000 000 000 000 000 000 000 000 000 000 000 000 000 000 000 057 057 000 000 000 000 000 000 000 000 000 000 000 047 047 047 047 047 047 047 047 047 047 047 047 047 047 047 047 047 047 047 047 047 047 047 047 047 047 047 047 047 047 047 047 047 047 047 047 047 047 047 047 047 047 047 047 047 047 047
000 065 065 065 065 000 057 057 057 057 057 057 057 057 057 057 057 057 057 057 057 057 057 057 057 057 057 057 057 057 057 057 057 057 057 057 057 057 057 057 057 057 057 057 057 057 057 057 057 057 057 057 000 047 047 047 047 047 047 047 047 047 047 047 047 047 047 047 047 047 047 047 047 047 047 047 047 047 047 047 047 047 047 047 047 047 047 047 047 047 047 047 047 047 047 047 047 047 047 047
000 065 065 065 065 065 057 057 057 057 057 057 057 057 057 057 057 057 057 057 057 057 057 057 057 057 057 057 057 057 057 057 057 057 057 057 057 057 057 057 057 057 057 057 057 057 057 057 057 057 057 059 000 047 047 047 047 047 047 047 047 047 047 047 047 047 047 047 047 047 047 047 047 047 047 047 047 047 047 047 047 047 047 047 047 047 047 047 047 047 047 047 047 047 047 047 047 047 047 047
000 065 065 065 065 000 057 057 057 057 057 057 057 057 057 057 057 057 057 057 057 057 057 057 057 057 057 057 057 057 057 057 057 057 057 057 057 057 057 057 057 057 057 057 057 057 057 057 057 057 057 057 000 047 047 047 047 047 047 047 047 047 047 047 047 047 047 047 047 047 047 047 047 047 047 047 047 047 047 047 047 047 047 047 047 047 047 047 047 047 047 047 047 047 047 047 047 047 047 047
000 065 065 065 065 000 000 057 057 000 000 000 000 000 000 000 000 000 000 000 000 057 057 000 000 000 000 000 000 000 000 000 000 000 000 000 000 000 000 000 057 057 000 000 000 000 000 000 000 000 000 000 000 047 047 047 047 047 047 047 047 047 047 047 047 047 047 047 047 047 047 047 047 047 047 047 047 047 047 047 047 047 047 047 047 047 047 047 047 047 047 047 047 047 047 047 047 047 047 047
000 000 000 000 000 000 057 057 057 057 057 057 057 000 057 057 057 057 057 057 057 057 057 057 057 057 057 057 057 057 000 057 057 057 057 057 057 057 057 057 057 057 057 057 057 057 057 057 057 057 057 057 000 047 047 047 047 047 047 047 047 047 047 047 047 047 047 047 047 047 047 047 047 047 047 047 047 047 047 047 047 047 047 047 047 047 047 047 047 047 047 047 047 047 047 047 047 047 047 047
000 057 057 057 057 057 057 057 057 057 057 057 057 000 057 057 057 057 057 057 057 057 057 057 057 057 057 057 057 057 000 057 057 057 057 057 057 057 057 057 057 057 057 057 057 057 057 057 057 057 057 057 000 047 047 047 047 047 047 047 047 047 047 047 047 047 047 047 047 047 047 047 047 047 047 047 047 047 047 047 047 047 047 047 047 047 047 047 047 047 047 047 047 047 047 047 047 047 047 047
000 057 057 057 057 057 057 057 057 057 057 057 057 000 057 057 057 057 057 057 057 057 057 057 057 057 057 057 057 057 000 057 057 057 057 057 057 057 057 057 057 057 057 057 057 057 057 057 057 057 057 057 000 047 047 047 047 047 047 047 047 047 047 047 047 047 047 047 047 047 047 047 047 047 047 047 047 047 047 047 047 047 047 047 047 047 047 047 047 047 047 047 047 047 047 047 047 047 047 047
000 057 057 057 057 057 057 057 057 057 057 057 057 000 057 057 057 057 057 057 057 057 057 057 057 057 057 057 057 057 000 057 057 057 057 057 057 057 057 057 057 057 057 057 057 057 057 057 057 057 057 057 000 047 047 047 047 047 047 047 047 047 047 047 047 047 047 047 047 047 047 047 047 047 047 047 047 047 047 047 047 047 047 047 047 047 047 047 047 047 047 047 047 047 047 047 047 047 047 047
000 057 057 057 057 057 057 057 057 057 057 057 057 000 057 057 057 057 057 057 057 057 057 057 057 057 057 057 057 057 000 057 057 057 057 057 057 057 057 057 057 057 057 057 057 057 057 057 057 057 057 057 000 047 047 047 047 047 047 047 047 047 047 047 047 047 047 047 047 047 047 047 047 047 047 047 047 047 047 047 047 047 047 047 047 047 047 047 047 047 047 047 047 047 047 047 047 047 047 047
000 057 057 057 057 057 057 057 057 057 057 057 057 000 057 057 057 057 057 057 057 057 057 057 057 057 057 057 057 057 000 057 057 057 057 057 057 057 057 057 057 057 057 057 057 057 057 057 057 057 057 057 000 047 047 047 047 047 047 047 047 047 047 047 047 047 047 047 047 047 047 047 047 047 047 047 047 047 047 047 047 047 047 047 047 047 047 047 047 047 047 047 047 047 047 047 047 047 047 047
000 057 057 057 057 057 057 057 057 057 057 057 057 000 057 057 057 057 057 057 057 057 057 057 057 057 057 057 057 057 000 057 057 057 057 057 057 057 057 057 057 057 057 057 057 057 057 057 057 057 057 057 000 047 047 047 047 047 047 047 047 047 047 047 047 047 047 047 047 047 047 047 047 047 047 047 047 047 047 047 047 047 047 047 047 047 047 047 047 047 047 047 047 047 047 047 047 047 047 047
000 000 000 000 000 000 000 000 000 000 000 000 000 000 000 000 000 000 000 000 000 000 000 000 000 000 000 000 000 000 000 000 000 000 000 000 000 000 000 000 000 000 000 000 000 000 000 000 000 000 000 000 000 047 047 047 047 047 047 047 047 047 047 047 047 047 047 047 047 047 047 047 047 047 047 047 047 047 047 047 047 047 047 047 047 047 047 047 047 047 047 047 047 047 047 047 047 047 047 047