000 000 000 000 000 000 000 000 000 000 000 000 000 000 000 000 047 047 047 047 047 047 047 047 047 047 000 000 000 000 000 000 000 000 000 047 047 047 047 047 047 047 047 047 047 000 000 000 000 000 000 000 000 000 000 000 000 000 000 000 047 047 047 047 047 047 047 047 047 047 047 047 047 047 047 047 047 047 047 047 047 047 047 047 047 047 047 047 047 047 047 047 047 047 047 047 047 047 047 047
000 057 057 057 057 057 057 057 057 000 057 057 057 057 057 000 047 047 047 047 047 047 047 047 047 047 000 059 057 057 057 057 057 057 000 047 047 047 047 047 047 047 047 047 047 000 057 057 057 057 057 057 057 057 000 057 057 057 057 000 047 047 047 047 047 047 047 047 047 047 047 047 047 047 047 047 047 047 047 047 047 047 047 047 047 047 047 047 047 047 047 047 047 047 047 047 047 047 047 047
000 057 057 057 057 057 057 057 057 000 057 057 057 057 057 000 047 047 047 047 047 047 047 047 047 047 000 057 057 057 057 057 057 057 000 047 047 047 047 047 047 047 047 047 047 000 057 057 057 057 057 057 057 057 000 057 057 057 057 000 047 047 047 047 047 047 047 047 047 047 047 047 047 047 047 047 047 047 047 047 047 047 047 047 047 047 047 047 047 047 047 047 047 047 047 047 047 047 047 047
000 057 057 057 057 057 057 057 057 057 057 057 057 057 057 000 047 047 047 047 047 047 047 047 047 047 000 057 057 057 057 057 057 057 000 047 047 047 047 047 047 047 047 047 047 000 057 057 057 057 057 057 057 057 057 057 057 057 057 000 047 047 047 047 047 047 047 047 047 047 047 047 047 047 047 047 047 047 047 047 047 047 047 047 047 047 047 047 047 047 047 047 047 047 047 047 047 047 047 047
000 057 057 057 057 057 057 057 057 057 057 057 057 057 057 000 047 047 047 047 047 047 047 047 047 047 000 057 057 057 057 057 057 057 000 047 047 047 047 047 047 047 047 047 047 000 057 057 057 057 057 057 057 057 057 057 057 057 057 000 047 047 047 047 047 047 047 047 047 047 047 047 047 047 047 047 047 047 047 047 047 047 047 047 047 047 047 047 047 047 047 047 047 047 047 047 047 047 047 047
000 057 057 057 057 057 057 057 057 000 057 057 057 057 057 000 047 047 047 047 047 047 047 047 047 047 000 000 000 000 057 000 000 000 000 047 047 047 047 047 047 047 047 047 047 000 057 057 057 057 057 057 057 057 000 057 057 057 057 000 047 047 047 047 047 047 047 047 047 047 047 047 047 047 047 047 047 047 047 047 047 047 047 047 047 047 047 047 047 047 047 047 047 047 047 047 047 047 047 047
000 059 057 057 057 057 057 057 057 000 059 057 057 057 057 000 047 047 047 047 047 047 047 047 047 047 000 059 057 057 057 057 057 057 000 047 047 047 047 047 047 047 047 047 047 000 057 057 057 057 057 057 057 057 000 057 057 057 057 000 047 047 047 047 047 047 047 047 047 047 047 047 047 047 047 047 047 047 047 047 047 047 047 047 047 047 047 047 047 047 047 047 047 047 047 047 047 047 047 047 047
000 000 000 000 000 000 000 000 000 000 000 000 000 000 000 000 047 047 047 047 047 047 047 047 047 047 000 057 057 057 057 057 057 057 000 047 047 047 047 047 047 047 047 047 047 000 059 057 057 057 057 057 057 057 000 059 057 057 057 000 047 047 047 047 047 047 047 047 047 047 047 047 047 047 047 047 047 047 047 047 047 047 047 047 047 047 047 047 047 047 047 047 047 047 047 047 047 047 047 047
047 047 047 047 047 047 047 047 047 047 047 047 047 047 047 047 047 047 047 047 047 047 047 047 047 047 000 057 057 057 057 057 057 057 000 047 047 047 047 047 047 047 047 047 047 000 000 000 000 000 000 000 000 000 000 000 000 000 000 000 047 047 047 047 047 047 047 047 047 047 047 047 047 047 047 047 047 047 047 047 047 047 047 047 047 047 047 047 047 047 047 047 047 047 047 047 047 047 047 047
047 047 047 047 047 047 047 047 047 047 047 047 047 047 047 047 047 047 047 047 047 047 047 047 047 047 000 057 057 057 057 057 057 057 000 047 047 047 047 047 047 047 047 047 047 047 047 047 047 047 047 047 047 047 047 047 047 047 047 047 047 047 047 047 047 047 047 047 047 047 047 047 047 047 047 047 047 047 047 047 047 047 047 047 047 047 047 047 047 047 047 047 047 047 047 047 047 047 047 047 047
047 047 047 047 047 047 047 047 047 047 047 047 047 047 047 047 047 047 047 047 047 047 047 047 047 047 000 057 057 057 057 057 057 057 000 047 047 047 047 047 047 047 047 047 047 047 047 047 047 047 047 047 047 047 047 047 047 047 047 047 047 047 047 047 047 047 047 047 047 047 047 047 047 047 047 047 047 047 047 047 047 047 047 047 047 047 047 047 047 047 047 047 047 047 047 047 047 047 047 047
047 047 047 047 047 047 047 047 047 047 047 047 047 047 047 047 047 047 047 047 047 047 047 047 047 047 000 057 057 057 057 057 057 057 000 047 047 047 047 047 047 047 047 047 047 047 047 047 047 047 047 047 047 047 047 047 047 047 047 047 047 047 047 047 047 047 047 047 047 047 047 047 047 047 047 047 047 047 047 047 047 047 047 047 047 047 047 047 047 047 047 047 047 047 047 047 047 047 047 047
047 047 047 047 047 047 047 047 047 047 047 047 047 047 047 047 047 047 047 047 047 047 047 047 047 047 000 057 057 057 057 057 057 057 000 047 047 047 047 047 047 047 047 047 047 047 047 047 047 047 047 047 047 047 047 047 047 047 047 047 047 047 047 047 047 047 047 047 047 047 047 047 047 047 047 047 047 047 047 047 047 047 047 047 047 047 047 047 047 047 047 047 047 047 047 047 047 047 047 047
047 047 047 047 047 047 047 047 047 047 047 047 047 047 047 047 047 047 047 047 047 047 047 047 047 047 000 057 057 057 057 057 057 057 000 047 047 047 047 047 047 047 047 047 047 047 047 047 047 047 047 047 047 047 047 047 047 047 047 047 047 047 047 047 047 047 047 047 047 047 047 047 047 047 047 047 047 047 047 047 047 047 047 047 047 047 047 047 047 047 047 047 047 047 047 047 047 047 047 047
047 047 047 047 047 047 047 047 047 047 047 047 047 047 047 047 047 047 047 047 047 047 047 047 047 047 000 057 057 057 057 057 057 057 000 047 047 047 047 047 047 047 047 047 047 047 047 047 047 047 047 047 047 047 047 047 047 047 047 047 047 047 047 047 047 047 047 047 047 047 047 047 047 047 047 047 047 047 047 047 047 047 047 047 047 047 047 047 047 047 047 047 047 047 047 047 047 047 047 047
047 047 047 047 047 047 047 047 047 047 047 047 047 047 047 047 047 047 047 047 047 047 047 047 047 047 000 057 057 057 057 057 057 057 000 047 047 047 047 047 047 047 047 047 047 047 047 047 047 047 047 047 047 047 047 047 047 047 047 047 047 047 047 047 047 047 047 047 047 047 047 047 047 047 047 047 047 047 047 047 047 047 047 047 047 047 047 047 047 047 047 047 047 047 047 047 047 047 047 047
047 047 047 047 047 047 047 047 047 047 047 047 047 047 047 047 047 047 047 047 047 047 047 047 047 047 000 057 057 057 057 057 057 057 000 047 047 047 047 047 047 047 047 047 047 047 047 047 047 047 047 047 047 047 047 047 047 047 047 047 047 047 047 047 047 047 047 047 047 047 047 047 047 047 047 047 047 047 047 047 047 047 047 047 047 047 047 047 047 047 047 047 047 047 047 047 047 047 047 047
000 000 000 046 000 000 000 000 000 000 000 000 000 000 000 000 047 047 047 047 047 047 047 047 047 047 000 057 057 057 057 057 057 057 000 047 047 047 047 047 047 047 047 047 047 047 047 047 047 047 047 047 047 047 047 047 047 047 047 047 047 047 047 047 047 047 047 047 047 047 047 047 047 047 047 047 047 047 047 047 047 047 047 047 047 047 047 047 047 047 047 047 047 047 047 047 047 047 047 047
000 062 062 062 062 062 000 062 062 062 062 062 062 062 062 000 047 047 047 047 047 047 047 047 047 047 000 057 057 057 057 057 057 057 000 047 047 047 047 047 047 047 047 047 047 047 047 047 047 047 047 047 047 047 047 047 047 047 047 047 047 047 047 047 047 047 047 047 047 047 047 047 047 047 047 047 047 047 047 047 047 047 047 047 047 047 047 047 047 047 047 047 047 047 047 047 047 047 047 047
000 062 062 062 062 062 000 062 062 062 062 062 062 062 062 000 047 047 047 047 047 047 047 047 047 047 000 057 057 057 057 057 057 057 000 047 047 047 047 047 047 047 047 047 047 047 047 047 047 047 047 047 047 047 047 047 047 047 047 047 047 047 047 047 047 047 047 047 047 047 047 047 047 047 047 047 047 047 047 047 047 047 047 047 047 047 047 047 047 047 047 047 047 047 047 047 047 047 047 047
000 062 062 062 062 062 000 062 062 062 062 062 062 062 062 000 047 047 047 047 047 047 047 047 047 047 000 057 057 057 057 057 057 057 000 047 047 047 047 047 047 047 047 047 047 047 047 047 047 047 047 047 047 047 047 047 047 047 047 047 047 047 047 047 047 047 047 047 047 047 047 047 047 047 047 047 047 047 047 047 047 047 047 047 047 047 047 047 047 047 047 047 047 047 047 047 047 047 047 047
000 062 062 062 062 062 062 062 062 062 062 062 062 062 062 000 047 047 047 047 047 047 047 047 047 047 000 057 057 057 057 057 057 057 000 047 047 047 047 047 047 047 047 047 047 047 047 047 047 047 047 047 047 047 047 047 047 047 047 047 047 047 047 047 047 047 047 047 047 047 047 047 047 047 047 047 047 047 047 047 047 047 047 047 047 047 047 047 047 047 047 047 047 047 047 047 047 047 047 047
000 062 062 062 062 062 062 062 062 062 062 062 062 062 062 000 047 047 047 047 047 047 047 047 047 047 000 057 057 057 057 057 057 057 000 047 047 047 047 047 047 047 047 047 047 047 047 047 047 047 047 047 047 047 047 047 047 047 047 047 047 047 047 047 047 047 047 047 047 047 047 047 047 047 047 047 047 047 047 047 047 047 047 047 047 047 047 047 047 047 047 047 047 047 047 047 047 047 047 047
000 062 062 062 062 062 000 062 062 062 062 062 062 062 062 000 047 047 047 047 047 047 047 047 047 047 000 057 057 057 057 057 057 057 000 047 047 047 047 047 047 047 047 047 047 047 047 047 047 047 047 047 047 047 047 047 047 047 047 047 047 047 047 047 047 047 047 047 047 047 047 047 047 047 047 047 047 047 047 047 047 047 047 047 047 047 047 047 047 047 047 047 047 047 047 047 047 047 047 047
000 062 062 062 062 062 000 062 062 062 062 062 062 062 062 000 047 047 047 047 047 047 047 047 047 047 000 057 057 057 057 057 057 057 000 047 047 047 047 047 047 047 047 047 047 047 047 047 047 047 047 047 047 047 047 047 047 047 047 047 047 047 047 047 047 047 047 047 047 047 047 047 047 047 047 047 047 047 047 047 047 047 047 047 047 047 047 047 047 047 047 047 047 047 047 047 047 047 047 047
000 062 062 062 062 062 000 062 062 062 062 062 062 062 062 000 047 047 047 047 047 047 047 047 047 047 000 057 057 057 057 057 057 057 000 047 047 047 047 047 047 047 047 047 047 047 047 047 047 047 047 047 047 047 047 047 047 047 047 047 047 047 047 047 047 047 047 047 047 047 047 047 047 047 047 047 047 047 047 047 047 047 047 047 047 047 047 047 047 047 047 047 047 047 047 047 047 047 047 047
000 062 062 062 062 062 000 000 000 000 000 000 000 000 000 000 047 047 047 047 047 047 047 047 047 047 000 000 000 000 000 000 000 000 000 047 047 047 047 047 047 047 047 047 047 047 047 047 047 047 047 047 047 047 047 047 047 047 047 047 047 047 047 047 047 047 047 047 047 047 047 047 047 047 047 047 047 047 047 047 047 047 047 047 047 047 047 047 047 047 047 047 047 047 047 047 047 047 047 047
000 062 062 062 062 062 000 062 062 062 062 062 062 062 062 000 047 047 047 047 047 047 047 047 047 047 047 047 047 047 047 047 047 047 047 047 047 047 047 047 047 047 047 047 047 047 047 047 047 047 047 047 047 047 047 047 047 047 047 047 047 047 047 047 047 047 047 047 047 047 047 047 047 047 047 047 047 047 047 047 047 047 047 047 047 047 047 047 047 047 047 047 047 047 047 047 047 047 047 047
000 062 062 062 062 062 000 062 062 062 062 062 062 062 062 000 047 047 047 047 047 047 047 047 047 047 047 047 047 047 047 047 047 047 047 047 047 047 047 047 047 047 047 047 047 047 047 047 047 047 047 047 047 047 047 047 047 047 047 047 047 047 047 047 047 047 047 047 047 047 047 047 047 047 047 047 047 047 047 047 047 047 047 047 047 047 047 047 047 047 047 047 047 047 047 047 047 047 047 047
000 062 062 062 062 062 000 062 062 062 062 062 062 062 062 000 047 047 047 047 047 047 047 047 047 047 047 047 047 047 047 047 047 047 047 047 047 047 047 047 047 047 047 047 047 047 047 047 047 047 047 047 047 047 047 047 047 047 047 047 047 047 047 047 047 047 047 047 047 047 047 047 047 047 047 047 047 047 047 047 047 047 047 047 047 047 047 047 047 047 047 047 047 047 047 047 047 047 047 047
000 062 062 062 062 062 062 062 062 062 062 062 062 062 062 000 047 047 047 047 047 047 047 047 047 047 047 047 047 047 047 047 047 047 047 047 047 047 047 047 047 047 047 047 047 047 047 047 047 047 047 047 047 047 047 047 047 047 047 047 047 047 047 047 047 047 047 047 047 047 047 047 047 047 047 047 047 047 047 047 047 047 047 047 047 047 047 047 047 047 047 047 047 047 047 047 047 047 047 047
000 062 062 062 062 062 062 062 062 062 062 062 062 062 062 000 047 047 047 047 047 047 047 047 047 047 047 047 047 047 047 047 047 047 047 047 047 047 047 047 047 047 047 047 047 047 047 047 047 047 047 047 047 047 047 047 047 047 047 047 047 047 047 047 047 047 047 047 047 047 047 047 047 047 047 047 047 047 047 047 047 047 047 047 047 047 047 047 047 047 047 047 047 047 047 047 047 047 047 047
000 062 062 062 062 062 000 062 062 062 062 062 062 062 062 000 047 047 047 047 047 047 047 047 047 047 047 047 047 047 047 047 047 047 047 047 047 047 047 047 047 047 047 047 047 047 047 047 047 047 047 047 047 047 047 047 047 047 047 047 047 047 047 047 047 047 047 047 047 047 047 047 047 047 047 047 047 047 047 047 047 047 047 047 047 047 047 047 047 047 047 047 047 047 047 047 047 047 047 047
000 062 062 062 062 062 000 062 062 062 062 062 062 062 062 000 047 047 047 047 047 047 047 047 047 047 047 047 047 047 047 047 047 047 047 047 047 047 047 047 047 047 047 047 047 047 047 047 047 047 047 047 047 047 047 047 047 047 047 047 047 047 047 047 047 047 047 047 047 047 047 047 047 047 047 047 047 047 047 047 047 047 047 047 047 047 047 047 047 047 047 047 047 047 047 047 047 047 047 047
000 062 062 062 062 062 000 062 062 062 062 062 062 062 062 000 047 047 047 047 047 047 047 047 047 047 047 047 047 047 047 047 047 047 047 047 047 047 047 047 047 047 047 047 047 047 047 047 047 047 047 047 047 047 047 047 047 047 047 047 047 047 047 047 047 047 047 047 047 047 047 047 047 047 047 047 047 047 047 047 047 047 047 047 047 047 047 047 047 047 047 047 047 047 047 047 047 047 047 047
000 062 062 062 000 000 000 000 000 000 000 000 000 000 000 000 047 047 047 047 047 047 047 047 047 047 047 047 047 047 047 047 047 047 047 047 047 047 047 047 047 047 047 047 047 047 047 047 047 047 047 047 047 047 047 047 047 047 047 047 047 047 047 047 047 047 047 047 047 047 047 047 047 047 047 047 047 047 047 047 047 047 047 047 047 047 047 047 047 047 047 047 047 047 047 047 047 047 047 047
000 062 062 062 000 062 062 062 062 062 062 062 062 062 062 000 047 047 047 047 047 047 047 047 047 047 047 047 047 047 047 047 047 047 047 047 047 047 047 047 047 047 047 047 047 047 047 047 047 047 047 047 047 047 047 047 047 047 047 047 047 047 047 047 047 047 047 047 047 047 047 047 047 047 047 047 047 047 047 047 047 047 047 047 047 047 047 047 047 047 047 047 047 047 047 047 047 047 047 047
000 062 062 062 000 062 062 062 062 062 062 062 062 062 062 000 047 047 047 047 047 047 047 047 047 047 047 047 047 047 047 047 047 047 047 047 047 047 047 047 047 047 047 047 047 047 047 047 047 047 047 047 047 047 047 047 047 047 047 047 047 047 047 047 047 047 047 047 047 047 047 047 047 047 047 047 047 047 047 047 047 047 047 047 047 047 047 047 047 047 047 047 047 047 047 047 047 047 047 047
000 062 062 062 000 062 062 062 062 062 062 062 062 062 062 000 047 047 047 047 047 047 047 047 047 047 047 047 047 047 047 047 047 047 047 047 047 047 047 047 047 047 047 047 047 047 047 047 047 047 047 047 047 047 047 047 047 047 047 047 047 047 047 047 047 047 047 047 047 047 047 047 047 047 047 047 047 047 047 047 047 047 047 047 047 047 047 047 047 047 047 047 047 047 047 047 047 047 047 047
000 062 062 062 062 062 062 062 062 062 062 062 062 062 062 000 047 047 047 047 047 047 047 047 047 047 047 047 047 047 047 047 047 047 047 047 047 047 047 047 047 047 047 047 047 047 047 047 047 047 047 047 047 047 047 047 047 047 047 047 047 047 047 047 047 047 047 047 047 047 047 047 047 047 047 047 047 047 047 047 047 047 047 047 047 047 047 047 047 047 047 047 047 047 047 047 047 047 047 047
000 062 062 062 062 062 062 062 062 062 062 062 062 062 062 000 047 047 047 047 047 047 047 047 047 047 047 047 047 047 047 047 047 047 047 047 047 047 047 047 047 047 047 047 047 047 047 047 047 047 047 047 047 047 047 047 047 047 047 047 047 047 047 047 047 047 047 047 047 047 047 047 047 047 047 047 047 047 047 047 047 047 047 047 047 047 047 047 047 047 047 047 047 047 047 047 047 047 047 047
000 062 062 062 000 062 062 062 062 062 062 062 062 062 062 000 047 047 047 047 047 047 047 047 047 047 047 047 047 047 047 047 047 047 047 047 047 047 047 047 047 047 047 047 047 047 047 047 047 047 047 047 047 047 047 047 047 047 047 047 047 047 047 047 047 047 047 047 047 047 047 047 047 047 047 047 047 047 047 047 047 047 047 047 047 047 047 047 047 047 047 047 047 047 047 047 047 047 047 047
000 062 062 062 000 062 062 062 062 062 062 062 062 062 062 000 047 047 047 047 047 047 047 047 047 047 047 047 047 047 047 047 047 047 047 047 047 047 047 047 047 047 047 047 047 047 047 047 047 047 047 047 047 047 047 047 047 047 047 047 047 047 047 047 047 047 047 047 047 047 047 047 047 047 047 047 047 047 047 047 047 047 047 047 047 047 047 047 047 047 047 047 047 047 047 047 047 047 047 047
000 062 062 062 000 062 062 062 062 062 062 062 062 062 062 000 047 047 047 047 047 047 047 047 047 047 047 047 047 047 047 047 047 047 047 047 047 047 047 047 047 047 047 047 047 047 047 047 047 047 047 047 047 047 047 047 047 047 047 047 047 047 047 047 047 047 047 047 047 047 047 047 047 047 047 047 047 047 047 047 047 047 047 047 047 047 047 047 047 047 047 047 047 047 047 047 047 047 047 047
000 000 000 000 000 000 000 000 000 000 000 000 000 000 000 000 047 047 047 047 047 047 047 047 047 047 047 047 047 047 047 047 047 047 047 047 047 047 047 047 047 047 047 047 047 047 047 047 047 047 047 047 047 047 047 047 047 047 047 047 047 047 047 047 047 047 047 047 047 047 047 047 047 047 047 047 047 047 047 047 047 047 047 047 047 047 047 047 047 047 047 047 047 047 047 047 047 047 047 047
047 047 047 047 047 047 047 047 047 047 047 047 047 047 047 047 047 047 047 047 047 047 047 047 047 047 047 047 047 047 047 047 047 047 047 047 047 047 047 047 047 047 047 047 047 047 047 047 047 047 047 047 047 047 047 047 047 047 047 047 047 047 047 047 047 047 047 047 047 047 047 047 047 047 047 047 047 047 047 047 047 047 047 047 047 047 047 047 047 047 047 047 047 047 047 047 047 047 047 047
047 047 047 047 047 047 047 047 047 047 047 047 047 047 047 047 047 047 047 047 047 047 047 047 047 047 047 047 047 047 047 047 047 047 047 047 047 047 047 047 047 047 047 047 047 047 047 047 047 047 047 047 047 047 047 047 047 047 047 047 047 047 047 047 047 047 047 047 047 047 047 047 047 047 047 047 047 047 047 047 047 047 047 047 047 047 047 047 047 047 047 047 047 047 047 047 047 047 047 047
047 047 047 047 047 047 047 047 047 047 047 047 047 047 047 047 047 047 047 047 047 047 047 047 047 047 047 047 047 047 047 047 047 047 047 047 047 047 047 047 047 047 047 047 047 047 047 047 047 047 047 047 047 047 047 047 047 047 047 047 047 047 047 047 047 047 047 047 047 047 047 047 047 047 047 047 047 047 047 047 047 047 047 047 047 047 047 047 047 047 047 047 047 047 047 047 047 047 047 047
047 047 047 047 047 047 047 047 047 047 047 047 047 047 047 047 047 047 047 047 047 047 047 047 047 047 047 047 047 047 047 047 047 047 047 047 047 047 047 047 047 047 047 047 047 047 047 047 047 047 047 047 047 047 047 047 047 047 047 047 047 047 047 047 047 047 047 047 047 047 047 047 047 047 047 047 047 047 047 047 047 047 047 047 047 047 047 047 047 047 047 047 047 047 047 047 047 047 047 047
047 047 047 047 047 047 047 047 047 047 047 047 047 047 047 047 047 047 047 047 047 047 047 047 047 047 047 047 047 047 047 047 047 047 047 047 047 047 047 047 047 047 047 047 047 047 047 047 047 047 047 047 047 047 047 047 047 047 047 047 047 047 047 047 047 047 047 047 047 047 047 047 047 047 047 047 047 047 047 047 047 047 047 047 047 047 047 047 047 047 047 047 047 047 047 047 047 047 047 047
047 047 047 047 047 047 047 047 047 047 047 047 047 047 047 047 047 047 047 047 047 047 047 047 047 047 047 047 047 047 047 047 047 047 047 047 047 047 047 047 047 047 047 047 047 047 047 047 047 047 047 047 047 047 047 047 047 047 047 047 047 047 047 047 047 047 047 047 047 047 047 047 047 047 047 047 047 047 047 047 047 047 047 047 047 047 047 047 047 047 047 047 047 047 047 047 047 047 047 047
047 047 047 047 047 047 047 047 047 047 047 047 047 047 047 047 047 047 047 047 047 047 047 047 047 047 047 047 047 047 047 047 047 047 047 047 047 047 047 047 047 047 047 047 047 047 047 047 047 047 047 047 047 047 047 047 047 047 047 047 047 047 047 047 047 047 047 047 047 047 047 047 047 047 047 047 047 047 047 047 047 047 047 047 047 047 047 047 047 047 047 047 047 047 047 047 047 047 047 047
047 047 047 047 047 047 047 047 047 047 047 047 047 047 047 047 047 047 047 047 047 047 047 047 047 047 047 047 047 047 047 047 047 047 047 047 047 047 047 047 047 047 047 047 047 047 047 047 047 047 047 047 047 047 047 047 047 047 047 047 047 047 047 047 047 047 047 047 047 047 047 047 047 047 047 047 047 047 047 047 047 047 047 047 047 047 047 047 047 047 047 047 047 047 047 047 047 047 047 047
047 047 047 047 047 047 047 047 047 047 047 047 047 047 047 047 047 047 047 047 047 047 047 047 047 047 047 047 047 047 047 047 047 047 047 047 047 047 047 047 047 047 047 047 047 047 047 047 047 047 047 047 047 047 047 047 047 047 047 047 047 047 047 047 047 047 047 047 047 047 047 047 047 047 047 047 047 047 047 047 047 047 047 047 047 047 047 047 047 047 047 047 047 047 047 047 047 047 047 047
047 047 047 047 047 047 047 047 047 047 047 047 047 047 047 047 047 047 047 047 047 047 047 047 047 047 047 047 047 047 047 047 047 047 047 047 047 047 047 047 047 047 047 047 047 047 047 047 047 047 047 047 047 047 047 047 047 047 047 047 047 047 047 047 047 047 047 047 047 047 047 047 047 047 047 047 047 047 047 047 047 047 047 047 047 047 047 047 047 047 047 047 047 047 047 047 047 047 047 047
047 047 047 047 047 047 047 047 047 047 047 047 047 047 047 047 047 047 047 047 047 047 047 047 047 047 047 047 047 047 047 047 047 047 047 047 047 047 047 047 047 047 047 047 047 047 047 047 047 047 047 047 047 047 047 047 047 047 047 047 047 047 047 047 047 047 047 047 047 047 047 047 047 047 047 047 047 047 047 047 047 047 047 047 047 047 047 047 047 047 047 047 047 047 047 047 047 047 047 047
047 047 047 047 047 047 047 047 047 047 047 047 047 047 047 047 047 047 047 047 047 047 047 047 047 047 047 047 047 047 047 047 047 047 047 047 047 047 047 047 047 047 047 047 047 047 047 047 047 047 047 047 047 047 047 047 047 047 047 047 047 047 047 047 047 047 047 047 047 047 047 047 047 047 047 047 047 047 047 047 047 047 047 047 047 047 047 047 047 047 047 047 047 047 047 047 047 047 047 047
047 047 047 047 047 047 047 047 047 047 047 047 047 047 047 047 047 047 047 047 047 047 047 047 047 047 047 047 047 047 047 047 047 047 047 047 047 047 047 047 047 047 047 047 047 047 047 047 047 047 047 047 047 047 047 047 047 047 047 047 047 047 047 047 047 047 047 047 047 047 047 047 047 047 047 047 047 047 047 047 047 047 047 047 047 047 047 047 047 047 047 047 047 047 047 047 047 047 047 047
047 047 047 047 047 047 047 047 047 047 047 047 047 047 047 047 047 047 047 047 047 047 047 047 047 047 047 047 047 047 047 047 047 047 047 047 047 047 047 047 047 047 047 047 047 047 047 047 047 047 047 047 047 047 047 047 047 047 047 047 047 047 047 047 047 047 047 047 047 047 047 047 047 047 047 047 047 047 047 047 047 047 047 047 047 047 047 047 047 047 047 047 047 047 047 047 047 047 047 047
047 047 047 047 047 047 047 047 047 047 047 047 047 047 047 047 047 047 047 047 047 047 047 047 047 047 047 047 047 047 047 047 047 047 047 047 047 047 047 047 047 047 047 047 047 047 047 047 047 047 047 047 047 047 047 047 047 047 047 047 047 047 047 047 047 047 047 047 047 047 047 047 047 047 047 047 047 047 047 047 047 047 047 047 047 047 047 047 047 047 047 047 047 047 047 047 047 047 047 047
047 047 047 047 047 047 047 047 047 047 047 047 047 047 047 047 047 047 047 047 047 047 047 047 047 047 047 047 047 047 047 047 047 047 047 047 047 047 047 047 047 047 047 047 047 047 047 047 047 047 047 047 047 047 047 047 047 047 047 047 047 047 047 047 047 047 047 047 047 047 047 047 047 047 047 047 047 047 047 047 047 047 047 047 047 047 047 047 047 047 047 047 047 047 047 047 047 047 047 047
047 047 047 047 047 047 047 047 047 047 047 047 047 047 047 047 047 047 047 047 047 047 047 047 047 047 047 047 047 047 047 047 047 047 047 047 047 047 047 047 047 047 047 047 047 047 047 047 047 047 047 047 047 047 047 047 047 047 047 047 047 047 047 047 047 047 047 047 047 047 047 047 047 047 047 047 047 047 047 047 047 047 047 047 047 047 047 047 047 047 047 047 047 047 047 047 047 047 047 047
047 047 047 047 047 047 047 047 047 047 047 047 047 047 047 047 047 047 047 047 047 047 047 047 047 047 047 047 047 047 047 047 047 047 047 047 047 047 047 047 047 047 047 047 047 047 047 047 047 047 047 047 047 047 047 047 047 047 047 047 047 047 047 047 047 047 047 047 047 047 047 047 047 047 047 047 047 047 047 047 047 047 047 047 047 047 047 047 047 047 047 047 047 047 047 047 047 047 047 047
047 047 047 047 047 047 047 047 047 047 047 047 047 047 047 047 047 047 047 047 047 047 047 047 047 047 047 047 047 047 047 047 047 047 047 047 047 047 047 047 047 047 047 047 047 047 047 047 047 047 047 047 047 047 047 047 047 047 047 047 047 047 047 047 047 047 047 047 047 047 047 047 047 047 047 047 047 047 047 047 047 047 047 047 047 047 047 047 047 047 047 047 047 047 047 047 047 047 047 047
047 047 047 047 047 047 047 047 047 047 047 047 047 047 047 047 047 047 047 047 047 047 047 047 047 047 047 047 047 047 047 047 047 047 047 047 047 047 047 047 047 047 047 047 047 047 047 047 047 047 047 047 047 047 047 047 047 047 047 047 047 047 047 047 047 047 047 047 047 047 047 047 047 047 047 047 047 047 047 047 047 047 047 047 047 047 047 047 047 047 047 047 047 047 047 047 047 047 047 047
047 047 047 047 047 047 047 047 047 047 047 047 047 047 047 047 047 047 047 047 047 047 047 047 047 047 047 047 047 047 047 047 047 047 047 047 047 047 047 047 047 047 047 047 047 047 047 047 047 047 047 047 047 047 047 047 047 047 047 047 047 047 047 047 047 047 047 047 047 047 047 047 047 047 047 047 047 047 047 047 047 047 047 047 047 047 047 047 047 047 047 047 047 047 047 047 047 047 047 047
047 047 047 047 047 047 047 047 047 047 047 047 047 047 047 047 047 047 047 047 047 047 047 047 047 047 047 047 047 047 047 047 047 047 047 047 047 047 047 047 047 047 047 047 047 047 047 047 047 047 047 047 047 047 047 047 047 047 047 047 047 047 047 047 047 047 047 047 047 047 047 047 047 047 047 047 047 047 047 047 047 047 047 047 047 047 047 047 047 047 047 047 047 047 047 047 047 047 047 047
047 047 047 047 047 047 047 047 047 047 047 047 047 047 047 047 047 047 047 047 047 047 047 047 047 047 047 047 047 047 047 047 047 047 047 047 047 047 047 047 047 047 047 047 047 047 047 047 047 047 047 047 047 047 047 047 047 047 047 047 047 047 047 047 047 047 047 047 047 047 047 047 047 047 047 047 047 047 047 047 047 047 047 047 047 047 047 047 047 047 047 047 047 047 047 047 047 047 047 047
047 047 047 047 047 047 047 047 047 047 047 047 047 047 047 047 047 047 047 047 047 047 047 047 047 047 047 047 047 047 047 047 047 047 047 047 047 047 047 047 047 047 047 047 047 047 047 047 047 047 047 047 047 047 047 047 047 047 047 047 047 047 047 047 047 047 047 047 047 047 047 047 047 047 047 047 047 047 047 047 047 047 047 047 047 047 047 047 047 047 047 047 047 047 047 047 047 047 047 047
047 047 047 047 047 047 047 047 047 047 047 047 047 047 047 047 047 047 047 047 047 047 047 047 047 047 047 047 047 047 047 047 047 047 047 047 047 047 047 047 047 047 047 047 047 047 047 047 047 047 047 047 047 047 047 047 047 047 047 047 047 047 047 047 047 047 047 047 047 047 047 047 047 047 047 047 047 047 047 047 047 047 047 047 047 047 047 047 047 047 047 047 047 047 047 047 047 047 047 047
047 047 047 047 047 047 047 047 047 047 047 047 047 047 047 047 047 047 047 047 047 047 047 047 047 047 047 047 047 047 047 047 047 047 047 047 047 047 047 047 047 047 047 047 047 047 047 047 047 047 047 047 047 047 047 047 047 047 047 047 047 047 047 047 047 047 047 047 047 047 047 047 047 047 047 047 047 047 047 047 047 047 047 047 047 047 047 047 047 047 047 047 047 047 047 047 047 047 047 047
047 047 047 047 047 047 047 047 047 047 047 047 047 047 047 047 047 047 047 047 047 047 047 047 047 047 047 047 047 047 047 047 047 047 047 047 047 047 047 047 047 047 047 047 047 047 047 047 047 047 047 047 047 047 047 047 047 047 047 047 047 047 047 047 047 047 047 047 047 047 047 047 047 047 047 047 047 047 047 047 047 047 047 047 047 047 047 047 047 047 047 047 047 047 047 047 047 047 047 047
047 047 047 047 047 047 047 047 047 047 047 047 047 047 047 047 047 047 047 047 047 047 047 047 047 047 047 047 047 047 047 047 047 047 047 047 047 047 047 047 047 047 047 047 047 047 047 047 047 047 047 047 047 047 047 047 047 047 047 047 047 047 047 047 047 047 047 047 047 047 047 047 047 047 047 047 047 047 047 047 047 047 047 047 047 047 047 047 047 047 047 047 047 047 047 047 047 047 047 047
047 047 047 047 047 047 047 047 047 047 047 047 047 047 047 047 047 047 047 047 047 047 047 047 047 047 047 047 047 047 047 047 047 047 047 047 047 047 047 047 047 047 047 047 047 047 047 047 047 047 047 047 047 047 047 047 047 047 047 047 047 047 047 047 047 047 047 047 047 047 047 047 047 047 047 047 047 047 047 047 047 047 047 047 047 047 047 047 047 047 047 047 047 047 047 047 047 047 047 047
047 047 047 047 047 047 047 047 047 047 047 047 047 047 047 047 047 047 047 047 047 047 047 047 047 047 047 047 047 047 047 047 047 047 047 047 047 047 047 047 047 047 047 047 047 047 047 047 047 047 047 047 047 047 047 047 047 047 047 047 047 047 047 047 047 047 047 047 047 047 047 047 047 047 047 047 047 047 047 047 047 047 047 047 047 047 047 047 047 047 047 047 047 047 047 047 047 047 047 047
047 047 047 047 047 047 047 047 047 047 047 047 047 047 047 047 047 047 047 047 047 047 047 047 047 047 047 047 047 047 047 047 047 047 047 047 047 047 047 047 047 047 047 047 047 047 047 047 047 047 047 047 047 047 047 047 047 047 047 047 047 047 047 047 047 047 047 047 047 047 047 047 047 047 047 047 047 047 047 047 047 047 047 047 047 047 047 047 047 047 047 047 047 047 047 047 047 047 047 047
047 047 047 047 047 047 047 047 047 047 047 047 047 047 047 047 047 047 047 047 047 047 047 047 047 047 047 047 047 047 047 047 047 047 047 047 047 047 047 047 047 047 047 047 047 047 047 047 047 047 047 047 047 047 047 047 047 047 047 047 047 047 047 047 047 047 047 047 047 047 047 047 047 047 047 047 047 047 047 047 047 047 047 047 047 047 047 047 047 047 047 047 047 047 047 047 047 047 047 047
047 047 047 047 047 047 047 047 047 047 047 047 047 047 047 047 047 047 047 047 047 047 047 047 047 047 047 047 047 047 047 047 047 047 047 047 047 047 047 047 047 047 047 047 047 047 047 047 047 047 047 047 047 047 047 047 047 047 047 047 047 047 047 047 047 047 047 047 047 047 047 047 047 047 047 047 047 047 047 047 047 047 047 047 047 047 047 047 047 047 047 047 047 047 047 047 047 047 047 047
047 047 047 047 047 047 047 047 047 047 047 047 047 047 047 047 047 047 047 047 047 047 047 047 047 047 047 047 047 047 047 047 047 047 047 047 047 047 047 047 047 047 047 047 047 047 047 047 047 047 047 047 047 047 047 047 047 047 047 047 047 047 047 047 047 047 047 047 047 047 047 047 047 047 047 047 047 047 047 047 047 047 047 047 047 047 047 047 047 047 047 047 047 047 047 047 047 047 047 047
047 047 047 047 047 047 047 047 047 047 047 047 047 047 047 047 047 047 047 047 047 047 047 047 047 047 047 047 047 047 047 047 047 047 047 047 047 047 047 047 047 047 047 047 047 047 047 047 047 047 047 047 047 047 047 047 047 047 047 047 047 047 047 047 047 047 047 047 047 047 047 047 047 047 047 047 047 047 047 047 047 047 047 047 047 047 047 047 047 047 047 047 047 047 047 047 047 047 047 047
047 047 047 047 047 047 047 047 047 047 047 047 047 047 047 047 047 047 047 047 047 047 047 047 047 047 047 047 047 047 047 047 047 047 047 047 047 047 047 047 047 047 047 047 047 047 047 047 047 047 047 047 047 047 047 047 047 047 047 047 047 047 047 047 047 047 047 047 047 047 047 047 047 047 047 047 047 047 047 047 047 047 047 047 047 047 047 047 047 047 047 047 047 047 047 047 047 047 047 047
047 047 047 047 047 047 047 047 047 047 047 047 047 047 047 047 047 047 047 047 047 047 047 047 047 047 047 047 047 047 047 047 047 047 047 047 047 047 047 047 047 047 047 047 047 047 047 047 047 047 047 047 047 047 047 047 047 047 047 047 047 047 047 047 047 047 047 047 047 047 047 047 047 047 047 047 047 047 047 047 047 047 047 047 047 047 047 047 047 047 047 047 047 047 047 047 047 047 047 047
047 047 047 047 047 047 047 047 047 047 047 047 047 047 047 047 047 047 047 047 047 047 047 047 047 047 047 047 047 047 047 047 047 047 047 047 047 047 047 047 047 047 047 047 047 047 047 047 047 047 047 047 047 047 047 047 047 047 047 047 047 047 047 047 047 047 047 047 047 047 047 047 047 047 047 047 047 047 047 047 047 047 047 047 047 047 047 047 047 047 047 047 047 047 047 047 047 047 047 047
047 047 047 047 047 047 047 047 047 047 047 047 047 047 047 047 047 047 047 047 047 047 047 047 047 047 047 047 047 047 047 047 047 047 047 047 047 047 047 047 047 047 047 047 047 047 047 047 047 047 047 047 047 047 047 047 047 047 047 047 047 047 047 047 047 047 047 047 047 047 047 047 047 047 047 047 047 047 047 047 047 047 047 047 047 047 047 047 047 047 047 047 047 047 047 047 047 047 047 047
047 047 047 047 047 047 047 047 047 047 047 047 047 047 047 047 047 047 047 047 047 047 047 047 047 047 047 047 047 047 047 047 047 047 047 047 047 047 047 047 047 047 047 047 047 047 047 047 047 047 047 047 047 047 047 047 047 047 047 047 047 047 047 047 047 047 047 047 047 047 047 047 047 047 047 047 047 047 047 047 047 047 047 047 047 047 047 047 047 047 047 047 047 047 047 047 047 047 047 047
047 047 047 047 047 047 047 047 047 047 047 047 047 047 047 047 047 047 047 047 047 047 047 047 047 047 047 047 047 047 047 047 047 047 047 047 047 047 047 047 047 047 047 047 047 047 047 047 047 047 047 047 047 047 047 047 047 047 047 047 047 047 047 047 047 047 047 047 047 047 047 047 047 047 047 047 047 047 047 047 047 047 047 047 047 047 047 047 047 047 047 047 047 047 047 047 047 047 047 047
047 047 047 047 047 047 047 047 047 047 047 047 047 047 047 047 047 047 047 047 047 047 047 047 047 047 047 047 047 047 047 047 047 047 047 047 047 047 047 047 047 047 047 047 047 047 047 047 047 047 047 047 047 047 047 047 047 047 047 047 047 047 047 047 047 047 047 047 047 047 047 047 047 047 047 047 047 047 047 047 047 047 047 047 047 047 047 047 047 047 047 047 047 047 047 047 047 047 047 047
047 047 047 047 047 047 047 047 047 047 047 047 047 047 047 047 047 047 047 047 047 047 047 047 047 047 047 047 047 047 047 047 047 047 047 047 047 047 047 047 047 047 047 047 047 047 047 047 047 047 047 047 047 047 047 047 047 047 047 047 047 047 047 047 047 047 047 047 047 047 047 047 047 047 047 047 047 047 047 047 047 047 047 047 047 047 047 047 047 047 047 047 047 047 047 047 047 047 047 047
047 047 047 047 047 047 047 047 047 047 047 047 047 047 047 047 047 047 047 047 047 047 047 047 047 047 047 047 047 047 047 047 047 047 047 047 047 047 047 047 047 047 047 047 047 047 047 047 047 047 047 047 047 047 047 047 047 047 047 047 047 047 047 047 047 047 047 047 047 047 047 047 047 047 047 047 047 047 047 047 047 047 047 047 047 047 047 047 047 047 047 047 047 047 047 047 047 047 047 047
047 047 047 047 047 047 047 047 047 047 047 047 047 047 047 047 047 047 047 047 047 047 047 047 047 047 047 047 047 047 047 047 047 047 047 047 047 047 047 047 047 047 047 047 047 047 047 047 047 047 047 047 047 047 047 047 047 047 047 047 047 047 047 047 047 047 047 047 047 047 047 047 047 047 047 047 047 047 047 047 047 047 047 047 047 047 047 047 047 047 047 047 047 047 047 047 047 047 047 047
047 047 047 047 047 047 047 047 047 047 047 047 047 047 047 047 047 047 047 047 047 047 047 047 047 047 047 047 047 047 047 047 047 047 047 047 047 047 047 047 047 047 047 047 047 047 047 047 047 047 047 047 047 047 047 047 047 047 047 047 047 047 047 047 047 047 047 047 047 047 047 047 047 047 047 047 047 047 047 047 047 047 047 047 047 047 047 047 047 047 047 047 047 047 047 047 047 047 047 047
047 047 047 047 047 047 047 047 047 047 047 047 047 047 047 047 047 047 047 047 047 047 047 047 047 047 047 047 047 047 047 047 047 047 047 047 047 047 047 047 047 047 047 047 047 047 047 047 047 047 047 047 047 047 047 047 047 047 047 047 047 047 047 047 047 047 047 047 047 047 047 047 047 047 047 047 047 047 047 047 047 047 047 047 047 047 047 047 047 047 047 047 047 047 047 047 047 047 047 047
047 047 047 047 047 047 047 047 047 047 047 047 047 047 047 047 047 047 047 047 047 047 047 047 047 047 047 047 047 047 047 047 047 047 047 047 047 047 047 047 047 047 047 047 047 047 047 047 047 047 047 047 047 047 047 047 047 047 047 047 047 047 047 047 047 047 047 047 047 047 047 047 047 047 047 047 047 047 047 047 047 047 047 047 047 047 047 047 047 047 047 047 047 047 047 047 047 047 047 047
047 047 047 047 047 047 047 047 047 047 047 047 047 047 047 047 047 047 047 047 047 047 047 047 047 047 047 047 047 047 047 047 047 047 047 047 047 047 047 047 047 047 047 047 047 047 047 047 047 047 047 047 047 047 047 047 047 047 047 047 047 047 047 047 047 047 047 047 047 047 047 047 047 047 047 047 047 047 047 047 047 047 047 047 047 047 047 047 047 047 047 047 047 047 047 047 047 047 047 047
047 047 047 047 047 047 047 047 047 047 047 047 047 047 047 047 047 047 047 047 047 047 047 047 047 047 047 047 047 047 047 047 047 047 047 047 047 047 047 047 047 047 047 047 047 047 047 047 047 047 047 047 047 047 047 047 047 047 047 047 047 047 047 047 047 047 047 047 047 047 047 047 047 047 047 047 047 047 047 047 047 047 047 047 047 047 047 047 047 047 047 047 047 047 047 047 047 047 047 047
047 047 047 047 047 047 047 047 047 047 047 047 047 047 047 047 047 047 047 047 047 047 047 047 047 047 047 047 047 047 047 047 047 047 047 047 047 047 047 047 047 047 047 047 047 047 047 047 047 047 047 047 047 047 047 047 047 047 047 047 047 047 047 047 047 047 047 047 047 047 047 047 047 047 047 047 047 047 047 047 047 047 047 047 047 047 047 047 047 047 047 047 047 047 047 047 047 047 047 047
047 047 047 047 047 047 047 047 047 047 047 047 047 047 047 047 047 047 047 047 047 047 047 047 047 047 047 047 047 047 047 047 047 047 047 047 047 047 047 047 047 047 047 047 047 047 047 047 047 047 047 047 047 047 047 047 047 047 047 047 047 047 047 047 047 047 047 047 047 047 047 047 047 047 047 047 047 047 047 047 047 047 047 047 047 047 047 047 047 047 047 047 047 047 047 047 047 047 047 047
047 047 047 047 047 047 047 047 047 047 047 047 047 047 047 047 047 047 047 047 047 047 047 047 047 047 047 047 047 047 047 047 047 047 047 047 047 047 047 047 047 047 047 047 047 047 047 047 047 047 047 047 047 047 047 047 047 047 047 047 047 047 047 047 047 047 047 047 047 047 047 047 047 047 047 047 047 047 047 047 047 047 047 047 047 047 047 047 047 047 047 047 047 047 047 047 047 047 047 047
047 047 047 047 047 047 047 047 047 047 047 047 047 047 047 047 047 047 047 047 047 047 047 047 047 047 047 047 047 047 047 047 047 047 047 047 047 047 047 047 047 047 047 047 047 047 047 047 047 047 047 047 047 047 047 047 047 047 047 047 047 047 047 047 047 047 047 047 047 047 047 047 047 047 047 047 047 047 047 047 047 047 047 047 047 047 047 047 047 047 047 047 047 047 047 047 047 047 047 047
047 047 047 047 047 047 047 047 047 047 047 047 047 047 047 047 047 047 047 047 047 047 047 047 047 047 047 047 047 047 047 047 047 047 047 047 047 047 047 047 047 047 047 047 047 047 047 047 047 047 047 047 047 047 047 047 047 047 047 047 047 047 047 047 047 047 047 047 047 047 047 047 047 047 047 047 047 047 047 047 047 047 047 047 047 047 047 047 047 047 047 047 047 047 047 047 047 047 047 047